,PC OD,PJ OD,BV OD,BF OD,BO OD,BT OD,BC OD,BY OD,BU OD,DP OD,BL OD,BA OD,BP OD,CA OD,EL OD,FP OD,CH OD,AC OD,BH OD,CG OD,ER OD,RI OD,CC OD,DL OD,DF OD,PC,PJ,BV,BF,BO,BT,BC,BY,BU,DP,BL,BA,BP,CA,EL,FP,CH,AC,BH,CG,ER,RI,CC,DL,DF,Butyrate
0,0.0023415,0,0,0,0,0,0,0,0,0,0.11175999999999998,0,0,4.9384e-07,0.43253,9.2348e-13,0.39392,0.9533299999999999,3.2653e-07,0,0.0035274,1.9158e-06,0.45414,0,0,1,0,0,0,0,0,0,0,0,0,1,0,0,1,1,1,1,1,1,0,1,1,1,0,0,51.075723121916965
1,0.6514800000000001,0,0,0,0,0,0,0,0,0,0.0062295,0,0,0.015425999999999999,0.0056262000000000005,3.0659000000000003e-08,2.7906e-09,1.1518,0.00014,0,5.0018e-06,1.7947e-06,0.5496300000000001,0,0,1,0,0,0,0,0,0,0,0,0,1,0,0,1,1,1,1,1,1,0,1,1,1,0,0,48.19988822173322
2,6.2869e-07,0,0,0,0,0,0,0,0,0,1.1667e-07,0,0,1.9132e-11,0.396,1.1545e-12,3.7175e-06,0.88097,0.00028243,0,0.0023401999999999997,2.7189e-05,0.71549,0,0,1,0,0,0,0,0,0,0,0,0,1,0,0,1,1,1,1,1,1,0,1,1,1,0,0,52.16955317053934
3,3.8974999999999997e-08,0,0,0,0,0,0,0,0,0,0.01769,0,0,3.0905000000000003e-06,4.0464000000000004e-08,3.9045e-11,0.020906,1.0139,1.7362e-09,0,9.112299999999999e-05,1.1421e-09,0.8337200000000001,0,0,1,0,0,0,0,0,0,0,0,0,1,0,0,1,1,1,1,1,1,0,1,1,1,0,0,49.586519893867184
4,0.006275,0,0,0,0,0,0,0,0,0,3.5236999999999995e-05,0,0,2.6929999999999997e-09,1.532e-06,1.918e-06,0.11168,1.3463,6.7534e-08,0,3.9694e-08,5.6223e-09,0.72739,0,0,1,0,0,0,0,0,0,0,0,0,1,0,0,1,1,1,1,1,1,0,1,1,1,0,0,48.50714820787759
5,0.3769,0,0,0,0,0,0,0,0,0,2.284e-07,0,0,1.1273e-09,0.00029882,5.6796e-12,0.035039,0.95855,6.0398e-08,0,4.1869999999999996e-10,7.1277000000000005e-09,0.79098,0,0,1,0,0,0,0,0,0,0,0,0,1,0,0,1,1,1,1,1,1,0,1,1,1,0,0,49.481024849667854
6,4.541499999999999e-11,0,0,0,0,0,0,0,0,0,2.3055e-06,0,0,8.0095e-07,3.5767e-06,9.0621e-09,0.1816,1.1909999999999998,7.8083e-10,0,5.8654e-05,0.00020329999999999998,0.46971,0,0,1,0,0,0,0,0,0,0,0,0,1,0,0,1,1,1,1,1,1,0,1,1,1,0,0,47.55446730797872
7,0.00029105,0,0,0,0,0,0,0,0,0,0.21091999999999997,0,0,0.36643000000000003,2.839e-06,2.3098e-09,1.7919999999999999e-10,1.1389,1.6837e-05,0,1.4041e-08,2.6379e-07,0.75656,0,0,1,0,0,0,0,0,0,0,0,0,1,0,0,1,1,1,1,1,1,0,1,1,1,0,0,52.792406986032944
8,0.07751,0,0,0,0,0,0,0,0,0,0.15691,0,0,7.3404e-10,0.010415,9.8162e-08,2.1235999999999998e-05,1.3175,1.1973e-07,0,0.001007,7.446e-08,0.81038,0,0,1,0,0,0,0,0,0,0,0,0,1,0,0,1,1,1,1,1,1,0,1,1,1,0,0,49.03098310888219
9,0.0012564,0,0,0,0,0,0,0,0,0,9.9757e-06,0,0,1.8784000000000002e-07,0.00085141,5.8387000000000005e-08,7.2258e-05,1.2185,2.0962e-06,0,0.055857000000000004,4.0487e-06,0.8941100000000001,0,0,1,0,0,0,0,0,0,0,0,0,1,0,0,1,1,1,1,1,1,0,1,1,1,0,0,49.72603603535207
10,0.5142,0,0,0,0,0,0,0,0,0,1.0211e-08,0,0,0.080161,0.00021992,1.426e-09,0.00029406,0.83093,1.6519000000000002e-05,0,0.0018244,4.9092e-07,0.7237399999999999,0,0,1,0,0,0,0,0,0,0,0,0,1,0,0,1,1,1,1,1,1,0,1,1,1,0,0,50.21694530137197
11,0.32355,0,0,0,0,0,0,0,0,0,4.1453000000000005e-07,0,0,2.4097e-10,1.1089e-10,1.3190999999999999e-08,0.00036185,1.4013,1.7832e-08,0,0.0035558,9.900200000000002e-09,0.92296,0,0,1,0,0,0,0,0,0,0,0,0,1,0,0,1,1,1,1,1,1,0,1,1,1,0,0,49.35347620236337
12,0.74382,0,0,0,0,0,0,0,0,0,0.35357,0,0,2.0769000000000002e-08,6.8335000000000004e-09,7.6725e-09,0.029097,1.1068,2.1418e-08,0,2.604e-11,1.5212000000000001e-06,0.019349,0,0,1,0,0,0,0,0,0,0,0,0,1,0,0,1,1,1,1,1,1,0,1,1,1,0,0,45.55896561779239
13,0.9310200000000001,0,0,0,0,0,0,0,0,0,0.00020964,0,0,0.045706000000000004,0.39945,8.369600000000001e-10,7.645100000000001e-07,0.8674299999999999,3.1741e-05,0,7.9899e-05,7.468099999999999e-10,0.31919000000000003,0,0,1,0,0,0,0,0,0,0,0,0,1,0,0,1,1,1,1,1,1,0,1,1,1,0,0,50.800711109244986
14,2.1969e-09,0,0,0,0,0,0,0,0,0,0.31784,0,0,0.00048028,0.24961999999999998,9.3195e-12,0.34759,0.8523799999999999,2.3385999999999998e-09,0,0.010676999999999999,4.0042999999999997e-08,0.63183,0,0,1,0,0,0,0,0,0,0,0,0,1,0,0,1,1,1,1,1,1,0,1,1,1,0,0,50.78188772695813
15,0.4711,0,0,0,0,0,0,0,0,0,5.6598e-05,0,0,2.2869e-08,0.16560999999999998,1.1376e-10,0.023898,0.89664,7.5258e-08,0,0.090396,0.00025683,0.63734,0,0,1,0,0,0,0,0,0,0,0,0,1,0,0,1,1,1,1,1,1,0,1,1,1,0,0,50.398778602478664
16,0.013991,0,0,0,0,0,0,0,0,0,1.2906e-07,0,0,1.5215000000000002e-09,5.1894e-08,1.1095e-10,1.7466e-05,1.0405,2.5577e-06,0,2.0966e-06,1.3324000000000002e-05,0.63613,0,0,1,0,0,0,0,0,0,0,0,0,1,0,0,1,1,1,1,1,1,0,1,1,1,0,0,48.60219099225362
17,0.92424,0,0,0,0,0,0,0,0,0,0.30664,0,0,0.0027708999999999998,0.0057644,1.4587999999999998e-09,3.2844e-05,1.3396,5.2973e-10,0,1.3314e-08,8.454700000000001e-07,0.52598,0,0,1,0,0,0,0,0,0,0,0,0,1,0,0,1,1,1,1,1,1,0,1,1,1,0,0,47.63335284446771
18,0.50444,0,0,0,0,0,0,0,0,0,1.4131e-09,0,0,8.3316e-10,3.2153e-12,2.3895e-13,0.013558,0.8358399999999999,1.6992e-10,0,3.9911e-05,4.3122000000000006e-11,0.9526899999999999,0,0,1,0,0,0,0,0,0,0,0,0,1,0,0,1,1,1,1,1,1,0,1,1,1,0,0,50.45875324911554
19,0.29756,0,0,0,0,0,0,0,0,0,0.057161000000000003,0,0,0.00043047,0.15400999999999998,2.5465000000000003e-11,2.3417e-09,1.0319,4.840900000000001e-08,0,5.0698e-07,1.7850000000000002e-07,0.80128,0,0,1,0,0,0,0,0,0,0,0,0,1,0,0,1,1,1,1,1,1,0,1,1,1,0,0,50.53585497920168
20,0.0022272,0,0,0,0,0,0,0,0,0,4.6127e-05,0,0,4.7287e-10,0.0013034000000000001,1.3287e-06,6.6145e-08,1.196,5.832800000000001e-07,0,3.1021e-05,3.5710000000000004e-10,0.84267,0,0,1,0,0,0,0,0,0,0,0,0,1,0,0,1,1,1,1,1,1,0,1,1,1,0,0,49.32379299811699
21,0.49658,0,0,0,0,0,0,0,0,0,0.035894,0,0,1.7487999999999998e-08,0.1551,2.9891e-09,0.0010655999999999999,0.9437,2.9297e-08,0,1.0582e-08,4.0015e-05,0.47975,0,0,1,0,0,0,0,0,0,0,0,0,1,0,0,1,1,1,1,1,1,0,1,1,1,0,0,49.16553937501187
22,0.0056536,0,0,0,0,0,0,0,0,0,0.018527000000000002,0,0,1.5243000000000002e-06,0.060647,0.0038359,0.0013997999999999999,1.1436,0.00019336,0,2.5439e-05,3.21e-06,0.86372,0,0,1,0,0,0,0,0,0,0,0,0,1,0,0,1,1,1,1,1,1,0,1,1,1,0,0,49.949838458055446
23,0.60824,0,0,0,0,0,0,0,0,0,1.177e-05,0,0,0.00031808,5.691300000000001e-11,0.0076491,1.4890000000000001e-08,1.1072,8.430799999999999e-08,0,0.48335,5.2539e-10,0.44061999999999996,0,0,1,0,0,0,0,0,0,0,0,0,1,0,0,1,1,1,1,1,1,0,1,1,1,0,0,49.29457233484698
24,4.1413000000000005e-05,0,0,0,0,0,0,0,0,0,0.0020568,0,0,0.0052534,6.4928e-06,2.4753e-06,0.20251,1.0011,2.9413e-06,0,2.4654e-07,3.2552e-07,0.5157,0,0,1,0,0,0,0,0,0,0,0,0,1,0,0,1,1,1,1,1,1,0,1,1,1,0,0,48.15263407597037
25,0.077122,0,0,0,0,0,0,0,0,0,7.3546e-09,0,0,0.47073000000000004,4.9162e-09,0.0013650000000000001,8.4184e-12,0.95954,4.0733000000000003e-07,0,1.0427e-08,5.4156000000000005e-08,0.29814,0,0,1,0,0,0,0,0,0,0,0,0,1,0,0,1,1,1,1,1,1,0,1,1,1,0,0,52.00390269388486
26,0.32129,0,0,0,0,0,0,0,0,0,1.3617e-05,0,0,0.15275999999999998,1.5409e-08,0.11235999999999999,1.1362999999999999e-07,1.1006,5.0125e-08,0,0.25734,0.00041492,0.34557,0,0,1,0,0,0,0,0,0,0,0,0,1,0,0,1,1,1,1,1,1,0,1,1,1,0,0,49.625300150946096
27,4.3204e-10,0,0,0,0,0,0,0,0,0,0.01324,0,0,1.9393e-05,8.5132e-09,8.5738e-10,0.6055699999999999,0.8134899999999999,1.3232999999999998e-08,0,2.8856999999999997e-06,1.3240000000000001e-08,0.67585,0,0,1,0,0,0,0,0,0,0,0,0,1,0,0,1,1,1,1,1,1,0,1,1,1,0,0,49.18295151627313
28,0.00077412,0,0,0,0,0,0,0,0,0,1.2423e-06,0,0,0.39841,0.047421,2.1752e-12,3.2555e-06,0.8201299999999999,0.001051,0,0.2491,0.006274,0.0080101,0,0,1,0,0,0,0,0,0,0,0,0,1,0,0,1,1,1,1,1,1,0,1,1,1,0,0,51.432931841364706
29,0.027185,0,0,0,0,0,0,0,0,0,1.3435e-08,0,0,4.4184e-06,0.0018530999999999999,9.0949e-05,0.021509,1.0025,1.2163999999999999e-08,0,1.0050000000000001e-09,0.00017788,0.7945800000000001,0,0,1,0,0,0,0,0,0,0,0,0,1,0,0,1,1,1,1,1,1,0,1,1,1,0,0,49.43570099484107
30,0.39045,0,0,0,0,0,0,0,0,0,5.2161e-10,0,0,0.00015837,1.7246000000000002e-06,8.0536e-14,2.6264e-07,1.0121,0.0074846999999999995,0,0.00016636,6.0918e-07,0.8242200000000001,0,0,1,0,0,0,0,0,0,0,0,0,1,0,0,1,1,1,1,1,1,0,1,1,1,0,0,49.54641620631793
31,0.026866,0,0,0,0,0,0,0,0,0,0.040867,0,0,0.38837,0.001104,1.0757e-07,0.46785,1.0034,0.00037226,0,0.0018116,0.003285,0.18541,0,0,1,0,0,0,0,0,0,0,0,0,1,0,0,1,1,1,1,1,1,0,1,1,1,0,0,50.593903220167576
32,0.00067316,0,0,0,0,0,0,0,0,0,0.00032555,0,0,0.17953,1.653e-05,5.6628e-11,1.9056e-08,1.09,8.5059e-07,0,1.6305e-06,0.00014148,0.64418,0,0,1,0,0,0,0,0,0,0,0,0,1,0,0,1,1,1,1,1,1,0,1,1,1,0,0,50.412659444589124
33,0.051315,0,0,0,0,0,0,0,0,0,8.392899999999999e-06,0,0,3.5686e-06,1.2137e-09,1.2732000000000001e-08,2.9984e-09,1.1367,5.0442e-09,0,1.8396000000000001e-06,6.9052e-08,0.92374,0,0,1,0,0,0,0,0,0,0,0,0,1,0,0,1,1,1,1,1,1,0,1,1,1,0,0,49.801520284887374
34,2.2272e-08,0,0,0,0,0,0,0,0,0,0.0018227,0,0,5.6491e-07,0.019445,9.7506e-09,0.048151,1.0537,0.00030155,0,7.694100000000001e-05,5.3913000000000004e-05,0.73515,0,0,1,0,0,0,0,0,0,0,0,0,1,0,0,1,1,1,1,1,1,0,1,1,1,0,0,49.1930087381237
35,0.40201,0,0,0,0,0,0,0,0,0,3.7565e-08,0,0,2.8545999999999997e-06,8.4593e-05,1.2835000000000002e-11,5.1645000000000004e-08,1.1867,8.2225e-09,0,0.00041221,1.0909e-09,1.0935,0,0,1,0,0,0,0,0,0,0,0,0,1,0,0,1,1,1,1,1,1,0,1,1,1,0,0,50.52328324038706
36,5.574e-08,0,0,0,0,0,0,0,0,0,0.0022001,0,0,5.7469e-08,1.7457e-08,2.8683000000000003e-05,0.25089,1.248,2.0831e-06,0,0.0013859999999999999,7.22e-07,0.51398,0,0,1,0,0,0,0,0,0,0,0,0,1,0,0,1,1,1,1,1,1,0,1,1,1,0,0,47.66860766907908
37,0.00017676,0,0,0,0,0,0,0,0,0,1.1948e-07,0,0,9.290599999999999e-10,0.2986,1.5625e-10,0.25022,1.193,1.1592e-06,0,4.1947e-05,7.3312e-06,0.18413,0,0,1,0,0,0,0,0,0,0,0,0,1,0,0,1,1,1,1,1,1,0,1,1,1,0,0,48.384275186982975
38,0.00061654,0,0,0,0,0,0,0,0,0,1.1463e-05,0,0,0.40534000000000003,9.1896e-11,0.010849,0.00010137,0.9858899999999999,4.669800000000001e-10,0,8.079299999999999e-10,1.5836e-05,0.7237399999999999,0,0,1,0,0,0,0,0,0,0,0,0,1,0,0,1,1,1,1,1,1,0,1,1,1,0,0,53.30331475264276
39,0.13665,0,0,0,0,0,0,0,0,0,8.4262e-10,0,0,2.3596000000000003e-10,0.21619000000000002,3.7909e-07,2.8996999999999997e-05,0.8404,1.4046e-08,0,0.32689,4.3813e-07,0.5127,0,0,1,0,0,0,0,0,0,0,0,0,1,0,0,1,1,1,1,1,1,0,1,1,1,0,0,51.120213372709195
40,0.61265,0,0,0,0,0,0,0,0,0,7.7382e-08,0,0,0.56175,7.5215e-08,2.0363e-11,5.7553e-09,0.9107299999999999,0.00021446,0,2.1152e-06,8.8705e-08,0.39329000000000003,0,0,1,0,0,0,0,0,0,0,0,0,1,0,0,1,1,1,1,1,1,0,1,1,1,0,0,53.481057255418776
41,0.50011,0,0,0,0,0,0,0,0,0,2.675e-09,0,0,0.0016665,2.8854e-13,3.9861e-10,0.0012395,0.8324799999999999,0.042042,0,1.2394e-06,0.31549,0.45508999999999994,0,0,1,0,0,0,0,0,0,0,0,0,1,0,0,1,1,1,1,1,1,0,1,1,1,0,0,51.74505072832956
42,0.016905,0,0,0,0,0,0,0,0,0,0.0015091,0,0,3.7745e-07,0.051237,2.3096999999999997e-11,1.2584e-06,1.1155,0.0044167,0,0.00015636,4.7244999999999997e-07,0.6401899999999999,0,0,1,0,0,0,0,0,0,0,0,0,1,0,0,1,1,1,1,1,1,0,1,1,1,0,0,48.86838509922819
43,2.9969e-08,0,0,0,0,0,0,0,0,0,0.00025664,0,0,0.0036926000000000003,5.2577999999999996e-08,2.5053e-10,3.854e-06,1.1456,4.1684e-08,0,2.1713e-05,1.0053e-05,0.7107100000000001,0,0,1,0,0,0,0,0,0,0,0,0,1,0,0,1,1,1,1,1,1,0,1,1,1,0,0,48.812978291904855
44,0.7036600000000001,0,0,0,0,0,0,0,0,0,0.20542,0,0,1.9699e-08,3.5866e-07,5.043899999999999e-07,0.021807,1.1428,0.00015591,0,0.0048219,0.00058616,0.060617,0,0,1,0,0,0,0,0,0,0,0,0,1,0,0,1,1,1,1,1,1,0,1,1,1,0,0,45.71673713385648
45,0.030869999999999998,0,0,0,0,0,0,0,0,0,2.9316000000000004e-06,0,0,3.2273000000000003e-10,0.2305,5.6099e-10,0.047992,1.1664,0.0010127,0,5.4245e-05,3.915e-09,0.70005,0,0,1,0,0,0,0,0,0,0,0,0,1,0,0,1,1,1,1,1,1,0,1,1,1,0,0,50.380019436719245
46,1.4133e-06,0,0,0,0,0,0,0,0,0,0.0081272,0,0,9.5392e-10,0.00058985,1.2827e-09,3.0442e-06,1.2153,2.4611e-08,0,4.908999999999999e-10,2.6314000000000003e-08,0.82104,0,0,1,0,0,0,0,0,0,0,0,0,1,0,0,1,1,1,1,1,1,0,1,1,1,0,0,49.1824058298527
47,0.027629,0,0,0,0,0,0,0,0,0,4.0523e-06,0,0,1.1004999999999999e-06,0.00030934,4.5887e-12,6.0034e-10,1.0961,7.9869e-08,0,6.897700000000001e-07,2.2956999999999998e-07,0.6844600000000001,0,0,1,0,0,0,0,0,0,0,0,0,1,0,0,1,1,1,1,1,1,0,1,1,1,0,0,48.737756520585336
48,0.39557,0,0,0,0,0,0,0,0,0,1.9757000000000001e-07,0,0,2.183e-10,2.1775e-06,1.4706e-06,4.1587e-07,1.1768,3.3417000000000003e-07,0,2.6416e-07,3.08e-08,0.35656,0,0,1,0,0,0,0,0,0,0,0,0,1,0,0,1,1,1,1,1,1,0,1,1,1,0,0,47.039178922663766
49,0.16901,0,0,0,0,0,0,0,0,0,0.53028,0,0,0.24543,0.0027149,5.322e-07,0.18686,1.0894,1.0044e-07,0,0.67715,4.1619e-06,0.35959,0,0,1,0,0,0,0,0,0,0,0,0,1,0,0,1,1,1,1,1,1,0,1,1,1,0,0,52.18950864789272
50,0.015216,0,0,0,0,0,0,0,0,0,1.7693000000000002e-06,0,0,0.61812,0.00016257,5.0347e-06,0.032476,0.70139,0.0068113,0,7.2709e-11,1.0345e-10,0.6048600000000001,0,0,1,0,0,0,0,0,0,0,0,0,1,0,0,1,1,1,1,1,1,0,1,1,1,0,0,55.43120467528865
51,0.1808,0,0,0,0,0,0,0,0,0,6.092199999999999e-07,0,0,0.00090027,0.054264,3.5525e-08,5.7232e-07,1.2136,8.7151e-06,0,3.0286999999999997e-09,3.0944e-06,0.38369000000000003,0,0,1,0,0,0,0,0,0,0,0,0,1,0,0,1,1,1,1,1,1,0,1,1,1,0,0,47.51202953231122
52,0.005183600000000001,0,0,0,0,0,0,0,0,0,1.7064e-05,0,0,1.3647e-09,5.3237e-05,7.8866e-11,2.9243e-06,1.2467,2.0676e-09,0,0.00062311,1.1801999999999999e-08,0.91765,0,0,1,0,0,0,0,0,0,0,0,0,1,0,0,1,1,1,1,1,1,0,1,1,1,0,0,49.585181488301494
53,0.88592,0,0,0,0,0,0,0,0,0,1.2435e-10,0,0,0.0060215,0.4384,1.0782000000000002e-11,0.43865,0.96457,7.6726e-11,0,0.00024122,5.8119999999999995e-11,0.94575,0,0,1,0,0,0,0,0,0,0,0,0,1,0,0,1,1,1,1,1,1,0,1,1,1,0,0,53.48407217447152
54,2.3828000000000003e-05,0,0,0,0,0,0,0,0,0,0.017644,0,0,0.0024584,0.33936,1.9e-10,5.6175e-07,1.0944,4.273e-08,0,1.0433e-06,0.00010154,0.47666000000000003,0,0,1,0,0,0,0,0,0,0,0,0,1,0,0,1,1,1,1,1,1,0,1,1,1,0,0,50.26907271326972
55,1.8557000000000001e-09,0,0,0,0,0,0,0,0,0,0.012882,0,0,1.7039e-10,0.47672,1.3168e-12,1.1527000000000001e-07,1.1493,0.0002661,0,3.9532999999999997e-10,0.00016714,0.46361,0,0,1,0,0,0,0,0,0,0,0,0,1,0,0,1,1,1,1,1,1,0,1,1,1,0,0,51.09577108082493
56,2.1015999999999997e-07,0,0,0,0,0,0,0,0,0,0.00014071,0,0,2.3184e-09,9.0009e-07,4.7855e-11,0.025751999999999997,1.1743,0.00024900000000000004,0,9.6788e-06,1.5592e-07,0.43231,0,0,1,0,0,0,0,0,0,0,0,0,1,0,0,1,1,1,1,1,1,0,1,1,1,0,0,47.40319455581531
57,6.713e-06,0,0,0,0,0,0,0,0,0,0.00060287,0,0,0.021262,2.4906e-07,8.885700000000002e-11,1.0798e-06,0.97301,0.00011765,0,0.0032925,1.9904e-05,0.6330399999999999,0,0,1,0,0,0,0,0,0,0,0,0,1,0,0,1,1,1,1,1,1,0,1,1,1,0,0,48.93579442975153
58,0.21345999999999998,0,0,0,0,0,0,0,0,0,7.3304e-05,0,0,0.15997999999999998,0.37861,0.00049636,1.0525999999999999e-05,1.1416,7.604000000000001e-07,0,0.45291000000000003,0.0066758,0.081427,0,0,1,0,0,0,0,0,0,0,0,0,1,0,0,1,1,1,1,1,1,0,1,1,1,0,0,51.92696311337192
59,4.8645e-05,0,0,0,0,0,0,0,0,0,3.5895999999999996e-05,0,0,2.9831e-08,1.9742e-07,9.2147e-07,3.1143e-05,1.1339,6.7212e-07,0,9.6838e-06,1.1465e-08,0.8390799999999999,0,0,1,0,0,0,0,0,0,0,0,0,1,0,0,1,1,1,1,1,1,0,1,1,1,0,0,49.40437156900272
60,0.41445,0,0,0,0,0,0,0,0,0,0.00016021,0,0,0.016897,0.31067,2.7751e-07,3.4256e-09,0.9818399999999999,9.4376e-09,0,7.2066e-08,7.4662e-11,0.72055,0,0,1,0,0,0,0,0,0,0,0,0,1,0,0,1,1,1,1,1,1,0,1,1,1,0,0,51.5590596768413
61,0.29591999999999996,0,0,0,0,0,0,0,0,0,1.1565999999999999e-05,0,0,0.071528,0.026001999999999997,3.7146999999999995e-05,1.7314000000000002e-09,1.1717,0.00010979999999999999,0,0.31437,0.0058864,0.27244,0,0,1,0,0,0,0,0,0,0,0,0,1,0,0,1,1,1,1,1,1,0,1,1,1,0,0,48.77363065669786
62,0.054577999999999995,0,0,0,0,0,0,0,0,0,0.0052325,0,0,0.0014567,0.00045465,9.132600000000001e-11,2.0282e-05,1.2282,7.4118e-08,0,2.5839e-07,9.605200000000001e-05,0.8250700000000001,0,0,1,0,0,0,0,0,0,0,0,0,1,0,0,1,1,1,1,1,1,0,1,1,1,0,0,49.19443168186221
63,1.2415e-09,0,0,0,0,0,0,0,0,0,0.00025167,0,0,0.0037091999999999997,0.0019171,1.196e-10,1.5705999999999997e-09,0.8736,2.0824e-09,0,0.0010287,2.8527999999999996e-06,0.78494,0,0,1,0,0,0,0,0,0,0,0,0,1,0,0,1,1,1,1,1,1,0,1,1,1,0,0,49.65302738659378
64,0.011771,0,0,0,0,0,0,0,0,0,7.347800000000001e-07,0,0,2.0286e-10,9.7967e-05,5.2834e-06,0.019203,1.0895,0.00073153,0,1.8011e-09,6.5489e-06,0.78222,0,0,1,0,0,0,0,0,0,0,0,0,1,0,0,1,1,1,1,1,1,0,1,1,1,0,0,49.21184220383759
65,0.38513000000000003,0,0,0,0,0,0,0,0,0,0.009784399999999999,0,0,0.30253,4.0656e-09,0.0012601,2.8411e-10,0.81896,2.225e-06,0,1.7371e-11,2.7498999999999997e-08,0.48044,0,0,1,0,0,0,0,0,0,0,0,0,1,0,0,1,1,1,1,1,1,0,1,1,1,0,0,51.37330078541909
66,0.58182,0,0,0,0,0,0,0,0,0,2.5111e-06,0,0,0.00026735,0.15588,5.9323e-14,0.16209,1.1084,0.0015115,0,5.1717e-11,7.7252e-05,0.64023,0,0,1,0,0,0,0,0,0,0,0,0,1,0,0,1,1,1,1,1,1,0,1,1,1,0,0,49.65195112472964
67,0.32498,0,0,0,0,0,0,0,0,0,0.00179,0,0,0.00015158,8.344900000000001e-08,7.1805e-08,0.049142,1.3918,0.00027996,0,0.0010647999999999999,5.3194e-08,0.22214,0,0,1,0,0,0,0,0,0,0,0,0,1,0,0,1,1,1,1,1,1,0,1,1,1,0,0,46.0349328465199
68,5.914e-09,0,0,0,0,0,0,0,0,0,3.6008e-06,0,0,0.00032979,0.19565,6.081300000000001e-11,0.12903,0.86479,4.3587e-05,0,8.2399e-12,2.5613e-07,0.53909,0,0,1,0,0,0,0,0,0,0,0,0,1,0,0,1,1,1,1,1,1,0,1,1,1,0,0,49.884165549070225
69,0.012877000000000001,0,0,0,0,0,0,0,0,0,8.3256e-05,0,0,0.12649000000000002,0.011502,5.985800000000001e-13,1.9315e-08,1.1892,4.2446e-08,0,4.8724e-08,8.6992e-09,0.8667299999999999,0,0,1,0,0,0,0,0,0,0,0,0,1,0,0,1,1,1,1,1,1,0,1,1,1,0,0,50.83229447413987
70,0.0026804000000000003,0,0,0,0,0,0,0,0,0,4.1629e-06,0,0,0.00028125,2.361e-06,1.5614e-11,0.0010873,1.2424,1.4282e-09,0,3.9374e-05,3.2502e-08,0.64927,0,0,1,0,0,0,0,0,0,0,0,0,1,0,0,1,1,1,1,1,1,0,1,1,1,0,0,48.318745266692744
71,3.7087e-07,0,0,0,0,0,0,0,0,0,0.00011401,0,0,0.0020785,0.31284,1.7534e-09,0.000737,0.9834799999999999,4.2335e-07,0,0.00059419,4.1582e-09,0.48678999999999994,0,0,1,0,0,0,0,0,0,0,0,0,1,0,0,1,1,1,1,1,1,0,1,1,1,0,0,50.31115084987023
72,0.0029552,0,0,0,0,0,0,0,0,0,0.00013461,0,0,2.3679e-08,9.4614e-06,3.4567e-09,2.8598e-07,1.1806,3.7622e-10,0,1.483e-05,1.1471e-08,0.9348299999999999,0,0,1,0,0,0,0,0,0,0,0,0,1,0,0,1,1,1,1,1,1,0,1,1,1,0,0,49.77842736055139
73,0.30851,0,0,0,0,0,0,0,0,0,8.7701e-09,0,0,1.2409999999999998e-06,1.4819e-06,5.6346e-10,0.27788,1.0295,1.2672e-07,0,1.2247e-05,0.0033991,0.55194,0,0,1,0,0,0,0,0,0,0,0,0,1,0,0,1,1,1,1,1,1,0,1,1,1,0,0,48.26041868179863
74,0.24074,0,0,0,0,0,0,0,0,0,0.00010335,0,0,0.31206999999999996,0.11110999999999999,3.376e-07,9.9126e-07,1.1643,0.00069599,0,2.8017e-08,2.9302e-06,0.41551000000000005,0,0,1,0,0,0,0,0,0,0,0,0,1,0,0,1,1,1,1,1,1,0,1,1,1,0,0,51.38266025091973
75,2.5505e-10,0,0,0,0,0,0,0,0,0,0.010908,0,0,4.0087e-05,2.1226999999999998e-10,1.9939e-10,4.3182e-05,0.9233299999999999,4.9773e-09,0,3.2139e-05,5.6246e-10,0.97006,0,0,1,0,0,0,0,0,0,0,0,0,1,0,0,1,1,1,1,1,1,0,1,1,1,0,0,50.390493527337554
76,0.017631,0,0,0,0,0,0,0,0,0,6.8053e-09,0,0,0.00046349,0.22576999999999997,2.3889e-05,2.2432e-06,0.92379,2.7432e-06,0,0.00036928,8.346599999999999e-06,0.79422,0,0,1,0,0,0,0,0,0,0,0,0,1,0,0,1,1,1,1,1,1,0,1,1,1,0,0,51.217513305790796
77,0.82973,0,0,0,0,0,0,0,0,0,1.4705000000000002e-06,0,0,8.975e-10,5.699199999999999e-10,8.657000000000001e-10,9.358200000000001e-07,0.9969899999999999,5.4588e-11,0,6.8321e-12,2.8758e-08,0.48857,0,0,1,0,0,0,0,0,0,0,0,0,1,0,0,1,1,1,1,1,1,0,1,1,1,0,0,47.9765496926204
78,0.00051747,0,0,0,0,0,0,0,0,0,3.7265e-07,0,0,0.041733,0.0062837,1.4537e-08,0.00053173,1.0624,1.4243e-07,0,0.00027504,6.7512e-09,0.82155,0,0,1,0,0,0,0,0,0,0,0,0,1,0,0,1,1,1,1,1,1,0,1,1,1,0,0,49.92318286388845
79,6.850099999999999e-10,0,0,0,0,0,0,0,0,0,8.3076e-05,0,0,4.7759e-10,6.9016e-07,8.8667e-10,5.195499999999999e-10,1.0112,1.5445e-08,0,1.1638e-09,2.0248e-08,0.8381700000000001,0,0,1,0,0,0,0,0,0,0,0,0,1,0,0,1,1,1,1,1,1,0,1,1,1,0,0,49.61195919958538
80,1.6404e-05,0,0,0,0,0,0,0,0,0,0.05449400000000001,0,0,9.0839e-10,0.024191,4.1515e-11,5.308099999999999e-06,1.1387,6.702e-06,0,1.0321e-08,2.1263000000000003e-05,0.96975,0,0,1,0,0,0,0,0,0,0,0,0,1,0,0,1,1,1,1,1,1,0,1,1,1,0,0,50.19427820734105
81,0.13524,0,0,0,0,0,0,0,0,0,0.011998,0,0,0.00020666,0.0037064,9.9011e-10,0.02624,1.0014,0.2128,0,0.21961,0.0049517,0.6160899999999999,0,0,1,0,0,0,0,0,0,0,0,0,1,0,0,1,1,1,1,1,1,0,1,1,1,0,0,49.447951089982794
82,2.2283e-10,0,0,0,0,0,0,0,0,0,1.1583000000000002e-08,0,0,0.0016635,0.00024181,8.9758e-12,0.53358,0.99346,8.042999999999999e-08,0,2.4745e-05,2.927e-08,1.0449,0,0,1,0,0,0,0,0,0,0,0,0,1,0,0,1,1,1,1,1,1,0,1,1,1,0,0,50.64324168166871
83,0.38658000000000003,0,0,0,0,0,0,0,0,0,0.2445,0,0,0.00043651,0.24659,3.4036000000000003e-06,0.004577899999999999,1.2246,3.8833e-06,0,0.004998699999999999,3.8105e-08,0.30191999999999997,0,0,1,0,0,0,0,0,0,0,0,0,1,0,0,1,1,1,1,1,1,0,1,1,1,0,0,48.52944582373198
84,2.657e-10,0,0,0,0,0,0,0,0,0,1.407e-07,0,0,0.0052588,1.1217999999999998e-08,2.0288e-08,9.395e-06,1.1499,1.8256e-06,0,8.7411e-07,8.330900000000001e-10,0.8211799999999999,0,0,1,0,0,0,0,0,0,0,0,0,1,0,0,1,1,1,1,1,1,0,1,1,1,0,0,49.3460801583752
85,0.0021244,0,0,0,0,0,0,0,0,0,6.2802e-10,0,0,1.4697e-06,0.35135,3.428800000000001e-11,0.30726,0.78828,1.7479e-07,0,4.4936e-08,0.00067227,0.74221,0,0,1,0,0,0,0,0,0,0,0,0,1,0,0,1,1,1,1,1,1,0,1,1,1,0,0,52.12785700311936
86,0.40753,0,0,0,0,0,0,0,0,0,2.4659000000000002e-05,0,0,3.9595e-06,3.7857e-11,5.9278e-10,0.0013273,1.0668,3.5323e-12,0,2.1919e-06,2.5569000000000004e-07,0.8211,0,0,1,0,0,0,0,0,0,0,0,0,1,0,0,1,1,1,1,1,1,0,1,1,1,0,0,49.43491699799944
87,0.0064123999999999995,0,0,0,0,0,0,0,0,0,2.7593e-09,0,0,0.97469,0.022363,0.009947,0.0020572,0.77817,0.015912,0,0.0010045,0.0027023000000000004,0.18248,0,0,1,0,0,0,0,0,0,0,0,0,1,0,0,1,1,1,1,1,1,0,1,1,1,0,0,57.17759733456024
88,0.7705,0,0,0,0,0,0,0,0,0,8.681399999999999e-07,0,0,0.17909,0.39352,2.2092e-08,0.00025291,1.2058,1.7095e-11,0,1.8547e-06,1.3571999999999999e-08,0.6725399999999999,0,0,1,0,0,0,0,0,0,0,0,0,1,0,0,1,1,1,1,1,1,0,1,1,1,0,0,53.229246868266394
89,2.1109e-09,0,0,0,0,0,0,0,0,0,0.08326599999999999,0,0,0.018253,9.8982e-12,3.1461e-12,0.27984000000000003,1.0928,1.2035e-09,0,0.0001923,0.0012315,0.43087,0,0,1,0,0,0,0,0,0,0,0,0,1,0,0,1,1,1,1,1,1,0,1,1,1,0,0,47.74065241978285
90,0.41584,0,0,0,0,0,0,0,0,0,0.0029519999999999998,0,0,7.9456e-05,0.052667,4.3102e-15,0.10972,1.2592,3.4711999999999998e-09,0,0.0063709,1.1261e-08,0.1648,0,0,1,0,0,0,0,0,0,0,0,0,1,0,0,1,1,1,1,1,1,0,1,1,1,0,0,46.396540615982126
91,0.6137100000000001,0,0,0,0,0,0,0,0,0,2.2925e-09,0,0,0.087921,0.36373,0.0022793,8.3303e-15,0.67092,0.00085749,0,0.40175,0.22518000000000002,0.45611,0,0,1,0,0,0,0,0,0,0,0,0,1,0,0,1,1,1,1,1,1,0,1,1,1,0,0,55.99537159987368
92,0.00015069999999999998,0,0,0,0,0,0,0,0,0,7.4150999999999995e-06,0,0,0.31275,6.290800000000001e-10,0.00027852,2.5654000000000003e-10,1.2017,1.6198e-05,0,0.0044167,3.8669000000000004e-10,0.81999,0,0,1,0,0,0,0,0,0,0,0,0,1,0,0,1,1,1,1,1,1,0,1,1,1,0,0,52.44592184290016
93,0.34225,0,0,0,0,0,0,0,0,0,0.16573,0,0,1.7800000000000003e-11,1.0498e-11,2.0177e-06,0.00012538,0.9493299999999999,0.054402,0,0.36994,4.1436000000000005e-09,0.47878999999999994,0,0,1,0,0,0,0,0,0,0,0,0,1,0,0,1,1,1,1,1,1,0,1,1,1,0,0,49.338642800506655
94,0.6319,0,0,0,0,0,0,0,0,0,0.00033124,0,0,1.4822e-08,3.5951e-06,2.3454e-10,1.9044e-08,1.3383,1.5730000000000002e-10,0,0.00053729,3.5357e-12,0.26985,0,0,1,0,0,0,0,0,0,0,0,0,1,0,0,1,1,1,1,1,1,0,1,1,1,0,0,46.35044418490145
95,0.0017147000000000002,0,0,0,0,0,0,0,0,0,0.00056007,0,0,4.3601000000000005e-05,0.00069755,3.7512e-11,6.5942e-09,1.0437,3.1401999999999996e-09,0,5.9362e-05,2.2041e-09,0.7709999999999999,0,0,1,0,0,0,0,0,0,0,0,0,1,0,0,1,1,1,1,1,1,0,1,1,1,0,0,49.24266743206136
96,0.43735,0,0,0,0,0,0,0,0,0,0.26400999999999997,0,0,7.027999999999999e-08,0.00015666,1.7652999999999998e-07,0.20979,1.2277,3.1272e-13,0,3.0524e-14,5.2194e-13,0.7007800000000001,0,0,1,0,0,0,0,0,0,0,0,0,1,0,0,1,1,1,1,1,1,0,1,1,1,0,0,48.58679708468831
97,4.4633e-10,0,0,0,0,0,0,0,0,0,7.719299999999999e-06,0,0,0.00022685,0.077646,8.0894e-12,1.6947000000000002e-09,1.2788,7.9497e-10,0,1.9329000000000002e-09,7.930199999999999e-06,0.6977300000000001,0,0,1,0,0,0,0,0,0,0,0,0,1,0,0,1,1,1,1,1,1,0,1,1,1,0,0,49.05522115173186
98,0.00066343,0,0,0,0,0,0,0,0,0,1.2797e-07,0,0,0.0046055,8.745700000000001e-09,1.3725999999999997e-10,0.30728,1.0402,1.2035999999999999e-10,0,1.9522e-05,2.6682e-07,0.9688,0,0,1,0,0,0,0,0,0,0,0,0,1,0,0,1,1,1,1,1,1,0,1,1,1,0,0,50.229800760820076
99,8.062699999999999e-07,0,0,0,0,0,0,0,0,0,0.00015957,0,0,2.653e-10,0.01652,3.969e-09,5.2304e-08,1.1103,2.8411e-05,0,0.00018395,0.00049671,0.7945300000000001,0,0,1,0,0,0,0,0,0,0,0,0,1,0,0,1,1,1,1,1,1,0,1,1,1,0,0,49.36118689079209
100,0.43068,0,0,0,0,0,0,0,0,0,1.0864e-06,0,0,0.00089225,4.5378000000000005e-05,2.4492e-08,0.15807000000000002,1.1747,3.3373000000000005e-09,0,4.1433e-05,1.2739000000000001e-09,0.27446,0,0,1,0,0,0,0,0,0,0,0,0,1,0,0,1,1,1,1,1,1,0,1,1,1,0,0,46.6626732651613
101,0.0018492,0,0,0,0,0,0,0,0,0,0.089534,0,0,0.00097643,0.13889,1.9346e-09,0.00062387,1.1264,2.7037e-06,0,1.2727e-05,4.5939e-06,0.63257,0,0,1,0,0,0,0,0,0,0,0,0,1,0,0,1,1,1,1,1,1,0,1,1,1,0,0,49.46633209550091
102,0.069003,0,0,0,0,0,0,0,0,0,0.1081,0,0,0.001056,0.12977,1.1159000000000001e-07,0.00025515,1.2615,2.1528000000000003e-09,0,3.2e-08,5.383e-09,0.56363,0,0,1,0,0,0,0,0,0,0,0,0,1,0,0,1,1,1,1,1,1,0,1,1,1,0,0,48.8394250527309
103,9.086900000000001e-06,0,0,0,0,0,0,0,0,0,2.3209e-06,0,0,1.7923e-09,3.3536e-07,4.138500000000001e-10,5.737100000000001e-09,1.1544,2.5669e-08,0,1.2703e-09,2.7514e-06,1.0476,0,0,1,0,0,0,0,0,0,0,0,0,1,0,0,1,1,1,1,1,1,0,1,1,1,0,0,50.359041412042664
104,0.19705,0,0,0,0,0,0,0,0,0,7.04e-05,0,0,1.5302000000000002e-06,5.4359e-05,2.7478e-05,3.2568000000000004e-07,1.158,6.605499999999999e-10,0,6.848e-07,8.3595e-10,0.6442399999999999,0,0,1,0,0,0,0,0,0,0,0,0,1,0,0,1,1,1,1,1,1,0,1,1,1,0,0,48.43799683360933
105,1.0715999999999999e-05,0,0,0,0,0,0,0,0,0,2.8071e-08,0,0,7.1168e-10,3.3111000000000004e-08,5.3287e-11,0.18575999999999998,1.0867,4.0401e-05,0,0.0003897,2.9356e-06,0.79785,0,0,1,0,0,0,0,0,0,0,0,0,1,0,0,1,1,1,1,1,1,0,1,1,1,0,0,49.29152878782079
106,0.32111999999999996,0,0,0,0,0,0,0,0,0,6.6774e-10,0,0,2.3325e-07,0.04369,6.6276e-06,0.36262,1.1048,1.9472999999999998e-05,0,9.7944e-05,1.7860999999999999e-09,0.50276,0,0,1,0,0,0,0,0,0,0,0,0,1,0,0,1,1,1,1,1,1,0,1,1,1,0,0,48.17872270619797
107,0.10082,0,0,0,0,0,0,0,0,0,0.00067216,0,0,1.8632e-09,1.8969999999999998e-06,8.8995e-08,0.054598,0.97826,1.2917e-09,0,0.0010522,0.0040536999999999995,0.66713,0,0,1,0,0,0,0,0,0,0,0,0,1,0,0,1,1,1,1,1,1,0,1,1,1,0,0,48.907105565482226
108,0.40991000000000005,0,0,0,0,0,0,0,0,0,1.9784000000000003e-07,0,0,6.4079e-09,0.19713,1.0548e-12,0.0031026,1.1135,1.2295e-08,0,9.2512e-07,3.5326000000000003e-07,0.43448000000000003,0,0,1,0,0,0,0,0,0,0,0,0,1,0,0,1,1,1,1,1,1,0,1,1,1,0,0,48.96532318667751
109,0.45363000000000003,0,0,0,0,0,0,0,0,0,4.3450000000000003e-07,0,0,2.533e-06,0.0010095,0.00089675,1.5619999999999998e-07,0.81066,6.5401e-08,0,5.2679e-08,0.40499,0.25858000000000003,0,0,1,0,0,0,0,0,0,0,0,0,1,0,0,1,1,1,1,1,1,0,1,1,1,0,0,51.86845504736344
110,0.46007,0,0,0,0,0,0,0,0,0,2.0106999999999999e-07,0,0,1.3422e-10,0.30955,3.0215e-13,0.0013446,0.94001,8.7005e-10,0,0.0026728999999999998,1.1837999999999999e-11,0.64582,0,0,1,0,0,0,0,0,0,0,0,0,1,0,0,1,1,1,1,1,1,0,1,1,1,0,0,51.103148596659295
111,0.41953,0,0,0,0,0,0,0,0,0,0.0037202,0,0,4.678e-11,0.00087889,7.1792e-06,0.0023512,1.1077,1.4356999999999999e-08,0,2.6135e-05,6.1561e-05,0.61738,0,0,1,0,0,0,0,0,0,0,0,0,1,0,0,1,1,1,1,1,1,0,1,1,1,0,0,48.40417962392884
112,0.21896,0,0,0,0,0,0,0,0,0,8.2871e-08,0,0,4.5694e-06,0.13036,0.0010224,9.605599999999998e-10,1.2461,8.7143e-08,0,4.926e-06,1.9975e-09,0.69275,0,0,1,0,0,0,0,0,0,0,0,0,1,0,0,1,1,1,1,1,1,0,1,1,1,0,0,49.47258235451152
113,6.2535e-05,0,0,0,0,0,0,0,0,0,0.0015562999999999998,0,0,0.0089366,0.00069323,1.7758000000000002e-10,0.00011799,1.0701,4.7751e-07,0,0.00063938,1.9139e-07,0.73536,0,0,1,0,0,0,0,0,0,0,0,0,1,0,0,1,1,1,1,1,1,0,1,1,1,0,0,49.12183707492716
114,0.41693,0,0,0,0,0,0,0,0,0,0.014056,0,0,2.7354e-07,0.00021243,8.8312e-09,6.3437e-09,1.2585,1.4132e-09,0,2.953e-06,8.6514e-09,0.67747,0,0,1,0,0,0,0,0,0,0,0,0,1,0,0,1,1,1,1,1,1,0,1,1,1,0,0,48.42333922530934
115,6.2656e-05,0,0,0,0,0,0,0,0,0,0.00050845,0,0,1.0285e-06,1.4055e-07,2.8221e-10,0.011568,1.1534,1.6514000000000001e-09,0,4.6435000000000005e-06,2.2296e-08,0.82204,0,0,1,0,0,0,0,0,0,0,0,0,1,0,0,1,1,1,1,1,1,0,1,1,1,0,0,49.289772885512996
116,0.25327,0,0,0,0,0,0,0,0,0,1.6968e-06,0,0,1.7143e-07,0.00022237,0.00052993,2.0036e-08,1.2717,1.6637e-06,0,2.4434999999999997e-08,4.0006e-09,0.75826,0,0,1,0,0,0,0,0,0,0,0,0,1,0,0,1,1,1,1,1,1,0,1,1,1,0,0,48.784202379180165
117,0.25134,0,0,0,0,0,0,0,0,0,0.0065351,0,0,1.2752000000000001e-05,2.6106e-11,3.0598e-10,2.2941e-09,1.1086,8.0955e-05,0,4.091599999999999e-09,8.0103e-06,0.75317,0,0,1,0,0,0,0,0,0,0,0,0,1,0,0,1,1,1,1,1,1,0,1,1,1,0,0,49.04034693829232
118,0.0017973,0,0,0,0,0,0,0,0,0,0.019972,0,0,1.5989000000000002e-05,0.041323,2.3844e-10,4.1704e-05,0.94886,6.832399999999999e-05,0,9.5911e-05,0.00017111,0.8307100000000001,0,0,1,0,0,0,0,0,0,0,0,0,1,0,0,1,1,1,1,1,1,0,1,1,1,0,0,49.98997970155531
119,2.7928e-05,0,0,0,0,0,0,0,0,0,0.0010389000000000002,0,0,5.8994e-12,6.406599999999999e-10,6.132e-12,0.00044975,1.2919,1.0751e-08,0,2.0692e-06,1.0578e-09,0.79059,0,0,1,0,0,0,0,0,0,0,0,0,1,0,0,1,1,1,1,1,1,0,1,1,1,0,0,48.90119169503609
120,0.19843,0,0,0,0,0,0,0,0,0,2.0491e-09,0,0,3.1713e-08,0.008147100000000001,9.5326e-05,1.6014e-09,1.0621,1.5649000000000002e-07,0,2.6221e-09,1.7382e-08,0.7593300000000001,0,0,1,0,0,0,0,0,0,0,0,0,1,0,0,1,1,1,1,1,1,0,1,1,1,0,0,49.20948741298815
121,0.65801,0,0,0,0,0,0,0,0,0,1.2318e-07,0,0,5.1755e-06,0.017447,0.11192,0.007568500000000001,1.057,4.2347e-09,0,0.32374,0.00039226,0.34818000000000005,0,0,1,0,0,0,0,0,0,0,0,0,1,0,0,1,1,1,1,1,1,0,1,1,1,0,0,48.49950092568609
122,0.69352,0,0,0,0,0,0,0,0,0,0.069,0,0,0.0001395,6.542e-05,3.4831e-12,0.071727,0.98406,1.4728000000000001e-08,0,5.1381e-05,7.5399e-08,0.6328699999999999,0,0,1,0,0,0,0,0,0,0,0,0,1,0,0,1,1,1,1,1,1,0,1,1,1,0,0,48.686147331931174
123,0.056298,0,0,0,0,0,0,0,0,0,4.8282999999999996e-08,0,0,0.051801,0.05533,0.00017378,0.20262,1.287,8.361e-05,0,3.9439e-05,1.7448e-05,0.5354899999999999,0,0,1,0,0,0,0,0,0,0,0,0,1,0,0,1,1,1,1,1,1,0,1,1,1,0,0,48.64040368894488
124,0.26958000000000004,0,0,0,0,0,0,0,0,0,5.8362e-10,0,0,9.585899999999999e-05,7.5766e-06,4.2464e-06,6.4176999999999995e-09,1.0413,1.3477e-07,0,1.1595e-05,1.292e-07,0.9679399999999999,0,0,1,0,0,0,0,0,0,0,0,0,1,0,0,1,1,1,1,1,1,0,1,1,1,0,0,50.17721792795303
125,0.28039000000000003,0,0,0,0,0,0,0,0,0,9.9911e-06,0,0,2.6461e-05,0.20773000000000003,0.0020732,0.00029321,1.1420000000000001,5.0568e-05,0,0.00063616,3.8777e-06,0.62233,0,0,1,0,0,0,0,0,0,0,0,0,1,0,0,1,1,1,1,1,1,0,1,1,1,0,0,49.888423365147794
126,0.53475,0,0,0,0,0,0,0,0,0,5.4471e-05,0,0,0.13008,1.7883e-07,0.00026145,1.2247000000000001e-09,1.2387,1.6286000000000002e-10,0,0.059599,1.5299000000000002e-07,0.19275,0,0,1,0,0,0,0,0,0,0,0,0,1,0,0,1,1,1,1,1,1,0,1,1,1,0,0,47.71300054318649
127,0.31954,0,0,0,0,0,0,0,0,0,2.1076999999999997e-07,0,0,0.46868000000000004,1.247e-05,1.1040000000000002e-08,0.27687,0.7067899999999999,0.010879999999999999,0,6.630899999999999e-05,0.0039201999999999996,0.62351,0,0,1,0,0,0,0,0,0,0,0,0,1,0,0,1,1,1,1,1,1,0,1,1,1,0,0,54.00983090548548
128,1.0364000000000001e-07,0,0,0,0,0,0,0,0,0,1.7402e-06,0,0,0.14425,7.2323e-11,2.2305e-09,0.005849,1.2867,1.1171e-09,0,9.4168e-08,2.2174e-10,0.87005,0,0,1,0,0,0,0,0,0,0,0,0,1,0,0,1,1,1,1,1,1,0,1,1,1,0,0,50.778847083087506
129,0.097341,0,0,0,0,0,0,0,0,0,2.0008e-05,0,0,0.00019612,6.6326e-05,1.2543e-10,0.22207,1.2921,3.1557999999999996e-10,0,2.2344e-09,2.1193e-08,0.7247399999999999,0,0,1,0,0,0,0,0,0,0,0,0,1,0,0,1,1,1,1,1,1,0,1,1,1,0,0,48.59068855867623
130,0.18566,0,0,0,0,0,0,0,0,0,3.2148e-08,0,0,5.381300000000001e-13,0.31283,3.8503000000000003e-13,4.3026999999999995e-10,1.0594,0.00071106,0,1.683e-07,9.729100000000001e-08,0.46368000000000004,0,0,1,0,0,0,0,0,0,0,0,0,1,0,0,1,1,1,1,1,1,0,1,1,1,0,0,50.046593367306194
131,0.68719,0,0,0,0,0,0,0,0,0,0.00041412,0,0,0.010047,1.0392e-10,5.828199999999999e-13,7.106599999999999e-10,1.1339,4.967e-11,0,4.0030999999999996e-07,1.488e-11,0.34783000000000003,0,0,1,0,0,0,0,0,0,0,0,0,1,0,0,1,1,1,1,1,1,0,1,1,1,0,0,47.175688416178886
132,0.00035892,0,0,0,0,0,0,0,0,0,0.0019452999999999999,0,0,9.3688e-10,5.6332999999999996e-09,3.5314e-07,0.07553,1.1187,0.00015472,0,2.7479000000000002e-05,0.00017657,0.7623300000000001,0,0,1,0,0,0,0,0,0,0,0,0,1,0,0,1,1,1,1,1,1,0,1,1,1,0,0,49.068298162563714
133,0.026254000000000003,0,0,0,0,0,0,0,0,0,1.11e-07,0,0,2.3255e-06,0.0070059,8.912200000000001e-08,2.1271e-08,1.011,2.9104e-10,0,0.00019947,2.3336e-10,0.66928,0,0,1,0,0,0,0,0,0,0,0,0,1,0,0,1,1,1,1,1,1,0,1,1,1,0,0,48.86254523983786
134,0.7673300000000001,0,0,0,0,0,0,0,0,0,0.51063,0,0,0.0012777,1.1661e-09,4.2937e-11,0.013940000000000001,1.0504,1.7473e-10,0,1.2187e-06,9.959999999999999e-07,0.022867,0,0,1,0,0,0,0,0,0,0,0,0,1,0,0,1,1,1,1,1,1,0,1,1,1,0,0,45.68629745453971
135,0.0096199,0,0,0,0,0,0,0,0,0,0.026088999999999998,0,0,7.9114e-10,3.87e-09,1.9586e-05,1.1332000000000001e-07,0.9806799999999999,0.00036043,0,1.3457999999999999e-05,2.4384000000000002e-05,0.80758,0,0,1,0,0,0,0,0,0,0,0,0,1,0,0,1,1,1,1,1,1,0,1,1,1,0,0,49.5197540486632
136,0.32423,0,0,0,0,0,0,0,0,0,2.7324e-08,0,0,0.019326,0.11817000000000001,5.6291e-09,0.00059154,1.2146,2.3036e-08,0,4.0271999999999997e-05,0.00028683,0.39548,0,0,1,0,0,0,0,0,0,0,0,0,1,0,0,1,1,1,1,1,1,0,1,1,1,0,0,48.229231489391964
137,0.059855,0,0,0,0,0,0,0,0,0,0.00041331,0,0,6.3247e-09,0.06004400000000001,1.9227e-08,0.058868,1.0887,0.00023074,0,1.1286e-06,0.00060837,0.65223,0,0,1,0,0,0,0,0,0,0,0,0,1,0,0,1,1,1,1,1,1,0,1,1,1,0,0,49.04290993858067
138,0.015315,0,0,0,0,0,0,0,0,0,4.8541e-07,0,0,0.0263,3.3045e-05,7.0801e-05,0.040124,1.1686,4.298399999999999e-09,0,1.5235e-05,4.6377e-07,0.68737,0,0,1,0,0,0,0,0,0,0,0,0,1,0,0,1,1,1,1,1,1,0,1,1,1,0,0,48.89627428113185
139,0.35302,0,0,0,0,0,0,0,0,0,1.7917e-05,0,0,1.4159e-10,0.20156,8.3001e-10,3.2072e-08,0.9605899999999999,1.0845e-05,0,4.2333e-09,1.2185e-09,0.75349,0,0,1,0,0,0,0,0,0,0,0,0,1,0,0,1,1,1,1,1,1,0,1,1,1,0,0,50.776655254023844
140,1.5532e-07,0,0,0,0,0,0,0,0,0,9.296299999999999e-07,0,0,0.00029381,3.0445e-08,6.809e-10,9.000700000000001e-05,1.1529,8.261599999999999e-06,0,1.7388999999999998e-06,3.2257999999999997e-06,0.68898,0,0,1,0,0,0,0,0,0,0,0,0,1,0,0,1,1,1,1,1,1,0,1,1,1,0,0,48.66190177869583
141,0.39021,0,0,0,0,0,0,0,0,0,0.0048402,0,0,0.0014198000000000001,1.6398999999999999e-09,0.00015329,0.008365799999999998,1.2835,0.00081785,0,3.6374e-05,4.8706e-10,0.6706300000000001,0,0,1,0,0,0,0,0,0,0,0,0,1,0,0,1,1,1,1,1,1,0,1,1,1,0,0,48.36091645354066
142,0.45729,0,0,0,0,0,0,0,0,0,0.00059249,0,0,0.00029387,0.16702,2.5023e-10,0.00088316,0.74803,3.7393e-09,0,1.3112e-11,2.0581999999999997e-07,0.8265100000000001,0,0,1,0,0,0,0,0,0,0,0,0,1,0,0,1,1,1,1,1,1,0,1,1,1,0,0,51.240052685656664
143,0.58253,0,0,0,0,0,0,0,0,0,0.033985,0,0,1.7328e-07,0.071878,0.00026813,0.0024164,1.2251,0.00011774,0,3.9554e-05,0.00014504,0.24891999999999997,0,0,1,0,0,0,0,0,0,0,0,0,1,0,0,1,1,1,1,1,1,0,1,1,1,0,0,46.9740044334141
144,0.00010657,0,0,0,0,0,0,0,0,0,5.133099999999999e-06,0,0,7.026100000000001e-11,0.058937,9.0115e-12,3.3476999999999997e-07,1.2538,1.1431e-09,0,9.0384e-07,1.2809999999999999e-08,0.76788,0,0,1,0,0,0,0,0,0,0,0,0,1,0,0,1,1,1,1,1,1,0,1,1,1,0,0,49.29173725741424
145,0.0056032,0,0,0,0,0,0,0,0,0,0.00068948,0,0,8.080399999999999e-08,0.19478,7.3145e-08,3.9881000000000005e-08,1.1835,9.999600000000001e-07,0,5.790399999999999e-05,1.2125e-06,0.52941,0,0,1,0,0,0,0,0,0,0,0,0,1,0,0,1,1,1,1,1,1,0,1,1,1,0,0,49.278120051633465
146,0.28452,0,0,0,0,0,0,0,0,0,8.8363e-05,0,0,4.0183999999999995e-07,0.060198,4.881399999999999e-09,0.090662,1.0938,1.2795000000000002e-09,0,0.0022339,4.667e-09,0.52746,0,0,1,0,0,0,0,0,0,0,0,0,1,0,0,1,1,1,1,1,1,0,1,1,1,0,0,48.443821980256345
147,0.0066423,0,0,0,0,0,0,0,0,0,0.00068636,0,0,0.0025003,4.6238e-05,0.00026493,0.2202,1.1014,1.9174e-05,0,4.4574999999999995e-09,2.7480999999999996e-07,0.8147300000000001,0,0,1,0,0,0,0,0,0,0,0,0,1,0,0,1,1,1,1,1,1,0,1,1,1,0,0,49.37104804364672
148,0.10019,0,0,0,0,0,0,0,0,0,4.7126e-05,0,0,4.4075e-09,0.0032545,1.2239999999999999e-08,2.6152999999999998e-06,1.1193,1.1297e-05,0,1.5391e-06,8.8061e-06,0.6621199999999999,0,0,1,0,0,0,0,0,0,0,0,0,1,0,0,1,1,1,1,1,1,0,1,1,1,0,0,48.61331609149978
149,0.3295,0,0,0,0,0,0,0,0,0,0.19583,0,0,3.7375e-05,0.079474,0.0001802,1.7567e-05,1.0818,0.12453,0,0.008607799999999999,6.1194e-06,0.2902,0,0,1,0,0,0,0,0,0,0,0,0,1,0,0,1,1,1,1,1,1,0,1,1,1,0,0,47.50278528558468
150,0.29284,0,0,0,0,0,0,0,0,0,0.1417,0,0,0.16205,0.00039996,4.3835e-10,0.22098,0.89304,2.1964e-09,0,0.006491199999999999,0.00020411,0.19137,0,0,1,0,0,0,0,0,0,0,0,0,1,0,0,1,1,1,1,1,1,0,1,1,1,0,0,48.448938462758235
151,1.4761e-09,0,0,0,0,0,0,0,0,0,0.027009,0,0,2.605e-09,0.006354,6.3544e-12,2.2748e-06,1.1567,6.1358e-11,0,1.8858e-07,1.3453999999999999e-06,0.67582,0,0,1,0,0,0,0,0,0,0,0,0,1,0,0,1,1,1,1,1,1,0,1,1,1,0,0,48.63642282830591
152,0.5778800000000001,0,0,0,0,0,0,0,0,0,0.043744,0,0,0.35796,2.4628e-12,1.7773e-05,0.24674000000000001,1.0938,6.6081e-05,0,0.0019177,0.58003,0.050252,0,0,1,0,0,0,0,0,0,0,0,0,1,0,0,1,1,1,1,1,1,0,1,1,1,0,0,56.131917431805164
153,0.0023517,0,0,0,0,0,0,0,0,0,0.2846,0,0,0.031383,0.11237,1.1628e-12,0.17124,1.0156,2.9309000000000004e-11,0,2.3429e-08,1.3755999999999998e-11,0.84882,0,0,1,0,0,0,0,0,0,0,0,0,1,0,0,1,1,1,1,1,1,0,1,1,1,0,0,50.80413144094662
154,0.31540999999999997,0,0,0,0,0,0,0,0,0,0.028907,0,0,0.19226,4.6441000000000005e-05,1.3753e-07,1.5385e-05,1.0777,2.981e-05,0,0.14975,1.5845e-08,0.086734,0,0,1,0,0,0,0,0,0,0,0,0,1,0,0,1,1,1,1,1,1,0,1,1,1,0,0,48.45411550641829
155,0.38579,0,0,0,0,0,0,0,0,0,0.052615999999999996,0,0,4.3042e-09,6.0631999999999995e-09,0.0011698000000000001,0.20615999999999998,0.7801,3.2854e-07,0,2.3009e-07,0.00042835,0.4216,0,0,1,0,0,0,0,0,0,0,0,0,1,0,0,1,1,1,1,1,1,0,1,1,1,0,0,48.03812464696373
156,0.6941,0,0,0,0,0,0,0,0,0,0.66092,0,0,1.2762e-05,3.2945e-06,3.1483e-07,0.028867,1.4025,0.03564,0,8.4398e-08,2.5184e-09,0.012581,0,0,1,0,0,0,0,0,0,0,0,0,1,0,0,1,1,1,1,1,1,0,1,1,1,0,0,45.016206250191175
157,2.1591e-08,0,0,0,0,0,0,0,0,0,8.047199999999999e-07,0,0,0.23358,0.09125,1.5694e-07,5.3773e-06,1.0523,1.0388e-07,0,8.9151e-08,1.3262000000000001e-06,0.59719,0,0,1,0,0,0,0,0,0,0,0,0,1,0,0,1,1,1,1,1,1,0,1,1,1,0,0,51.48147440140161
158,0.57068,0,0,0,0,0,0,0,0,0,0.0030099,0,0,8.289299999999999e-06,1.2057e-05,1.2619e-12,0.024371,1.2779,3.6642e-09,0,1.2899000000000003e-09,0.3492,0.07720199999999999,0,0,1,0,0,0,0,0,0,0,0,0,1,0,0,1,1,1,1,1,1,0,1,1,1,0,0,49.55171436630683
159,0.25274,0,0,0,0,0,0,0,0,0,2.9242e-11,0,0,1.7935999999999999e-09,0.30355,1.8706e-09,0.008813799999999998,1.0631,6.1824e-07,0,9.136700000000001e-05,3.2349e-09,0.70439,0,0,1,0,0,0,0,0,0,0,0,0,1,0,0,1,1,1,1,1,1,0,1,1,1,0,0,51.11534201965031
160,0.038068,0,0,0,0,0,0,0,0,0,9.1875e-08,0,0,0.2197,0.052565,5.6973e-13,0.012617,1.1591,5.1358e-09,0,1.5962999999999997e-10,1.4190999999999999e-06,0.8551,0,0,1,0,0,0,0,0,0,0,0,0,1,0,0,1,1,1,1,1,1,0,1,1,1,0,0,52.094157861449666
161,0.26521999999999996,0,0,0,0,0,0,0,0,0,2.49e-06,0,0,0.29034,0.005910800000000001,6.849800000000001e-07,5.123e-07,0.8585200000000001,5.313300000000001e-10,0,0.024978999999999998,1.7642e-09,0.72336,0,0,1,0,0,0,0,0,0,0,0,0,1,0,0,1,1,1,1,1,1,0,1,1,1,0,0,52.465284974443634
162,0.84988,0,0,0,0,0,0,0,0,0,0.099624,0,0,0.28809,0.54015,1.4351e-08,0.088266,0.80719,2.5354e-07,0,0.6309600000000001,0.00024601,0.019728,0,0,1,0,0,0,0,0,0,0,0,0,1,0,0,1,1,1,1,1,1,0,1,1,1,0,0,55.28603890812678
163,0.22105999999999998,0,0,0,0,0,0,0,0,0,2.136e-08,0,0,0.004803,0.5230899999999999,6.2043e-05,2.4664e-06,1.2866,8.4919e-07,0,0.0027069000000000004,6.5784e-08,0.11392999999999999,0,0,1,0,0,0,0,0,0,0,0,0,1,0,0,1,1,1,1,1,1,0,1,1,1,0,0,49.596059085228006
164,0.40026999999999996,0,0,0,0,0,0,0,0,0,2.8698e-09,0,0,0.0092713,0.00090414,2.7475999999999997e-06,1.1073e-07,1.1684,1.3848e-09,0,7.513e-08,5.4513e-08,0.60629,0,0,1,0,0,0,0,0,0,0,0,0,1,0,0,1,1,1,1,1,1,0,1,1,1,0,0,48.34191612547855
165,0.0085877,0,0,0,0,0,0,0,0,0,0.0011631999999999999,0,0,7.360699999999999e-11,7.212399999999999e-08,0.00011207,1.2235e-07,1.2004,2.2626e-05,0,7.2513e-05,0.00094165,1.0526,0,0,1,0,0,0,0,0,0,0,0,0,1,0,0,1,1,1,1,1,1,0,1,1,1,0,0,50.31437528368039
166,0.00016149,0,0,0,0,0,0,0,0,0,1.7132e-05,0,0,5.0366000000000005e-05,3.0522e-09,2.2851999999999996e-07,1.5121e-06,1.1324,4.3149999999999997e-07,0,2.7627999999999998e-08,9.135599999999999e-10,0.93986,0,0,1,0,0,0,0,0,0,0,0,0,1,0,0,1,1,1,1,1,1,0,1,1,1,0,0,49.885964250872526
167,0.7190300000000001,0,0,0,0,0,0,0,0,0,0.00042174,0,0,3.8756e-07,1.1914000000000001e-05,1.3562e-12,1.9919999999999997e-09,0.80885,2.0657e-05,0,7.2893e-09,0.00010862,0.6126699999999999,0,0,1,0,0,0,0,0,0,0,0,0,1,0,0,1,1,1,1,1,1,0,1,1,1,0,0,48.89210756067578
168,0.012481,0,0,0,0,0,0,0,0,0,0.085298,0,0,0.018249,2.1769e-07,1.9301999999999998e-11,0.0019486,1.0481,2.8579000000000005e-10,0,0.00021022,3.6982e-05,0.78965,0,0,1,0,0,0,0,0,0,0,0,0,1,0,0,1,1,1,1,1,1,0,1,1,1,0,0,49.50769263659948
169,0.53557,0,0,0,0,0,0,0,0,0,1.6247999999999999e-06,0,0,6.1698e-06,0.00088247,2.7044e-10,1.6459999999999998e-10,0.98434,4.4265e-08,0,8.557799999999999e-07,6.784500000000001e-06,0.63654,0,0,1,0,0,0,0,0,0,0,0,0,1,0,0,1,1,1,1,1,1,0,1,1,1,0,0,48.707603605648316
170,0.4448,0,0,0,0,0,0,0,0,0,1.8575e-05,0,0,1.9974e-09,3.5246e-11,9.891900000000001e-06,0.00040510000000000003,1.0591,4.3173e-09,0,4.5945e-08,1.146e-08,0.6237,0,0,1,0,0,0,0,0,0,0,0,0,1,0,0,1,1,1,1,1,1,0,1,1,1,0,0,48.510883106345595
171,1.0856e-06,0,0,0,0,0,0,0,0,0,1.7918e-05,0,0,0.00028946,0.0035866,1.0748e-05,0.18433,1.1252,1.1015e-08,0,1.2150999999999999e-09,6.592000000000001e-10,0.73345,0,0,1,0,0,0,0,0,0,0,0,0,1,0,0,1,1,1,1,1,1,0,1,1,1,0,0,48.9471331998747
172,0.00076814,0,0,0,0,0,0,0,0,0,0.24325,0,0,0.15725,0.1075,0.011187,0.012089,1.2956,0.0065634,0,6.6465e-06,1.568e-10,0.36255,0,0,1,0,0,0,0,0,0,0,0,0,1,0,0,1,1,1,1,1,1,0,1,1,1,0,0,49.277222441138846
173,0.010242,0,0,0,0,0,0,0,0,0,0.00023556,0,0,0.00017567,0.0037098,2.5533e-10,4.317899999999999e-07,1.0335,1.4269e-05,0,0.0016575,4.3065e-06,0.7177600000000001,0,0,1,0,0,0,0,0,0,0,0,0,1,0,0,1,1,1,1,1,1,0,1,1,1,0,0,49.03674758114033
174,0.37835,0,0,0,0,0,0,0,0,0,3.5760000000000004e-08,0,0,4.010400000000001e-06,1.7465999999999997e-09,1.0815999999999999e-09,7.8269e-11,1.1797,3.6412e-07,0,1.107e-09,1.9911000000000002e-08,0.65422,0,0,1,0,0,0,0,0,0,0,0,0,1,0,0,1,1,1,1,1,1,0,1,1,1,0,0,48.44752530322974
175,0.3476,0,0,0,0,0,0,0,0,0,1.3558e-08,0,0,3.4484e-10,0.29489,1.1590999999999999e-09,3.2039999999999997e-06,1.3016,6.3015e-10,0,2.3417e-05,0.00010687,0.51213,0,0,1,0,0,0,0,0,0,0,0,0,1,0,0,1,1,1,1,1,1,0,1,1,1,0,0,49.72792799949809
176,0.0045344999999999995,0,0,0,0,0,0,0,0,0,2.5344e-06,0,0,2.0259000000000002e-09,2.0228e-05,5.1254e-09,1.0774e-06,1.0094,5.7359e-10,0,8.826799999999999e-05,9.5329e-09,0.77071,0,0,1,0,0,0,0,0,0,0,0,0,1,0,0,1,1,1,1,1,1,0,1,1,1,0,0,49.29521858790732
177,0.3144,0,0,0,0,0,0,0,0,0,0.2299,0,0,0.031717,0.46874,0.036062000000000004,1.5369e-05,1.2452,0.038208,0,0.00016393,5.2221e-10,0.43887,0,0,1,0,0,0,0,0,0,0,0,0,1,0,0,1,1,1,1,1,1,0,1,1,1,0,0,51.08067174108788
178,0.008799600000000001,0,0,0,0,0,0,0,0,0,0.00037007,0,0,9.619900000000001e-06,1.4690999999999998e-09,7.5744e-07,3.0001000000000005e-08,1.197,5.3936e-06,0,2.6212e-07,3.1656999999999995e-09,0.85025,0,0,1,0,0,0,0,0,0,0,0,0,1,0,0,1,1,1,1,1,1,0,1,1,1,0,0,49.34847948320743
179,3.1868e-09,0,0,0,0,0,0,0,0,0,4.4991e-06,0,0,0.00061528,0.55035,1.5079000000000002e-11,1.8042e-08,0.99054,2.7410999999999996e-07,0,2.4939e-05,2.2576e-08,0.8290000000000001,0,0,1,0,0,0,0,0,0,0,0,0,1,0,0,1,1,1,1,1,1,0,1,1,1,0,0,53.64985927505743
180,0.26919,0,0,0,0,0,0,0,0,0,4.8261e-06,0,0,3.9134000000000005e-08,1.2243e-08,1.3842e-08,0.00022787,1.2577,1.7751e-09,0,1.8647e-09,8.919499999999999e-07,0.86265,0,0,1,0,0,0,0,0,0,0,0,0,1,0,0,1,1,1,1,1,1,0,1,1,1,0,0,49.30241959356175
181,0.09976,0,0,0,0,0,0,0,0,0,1.2874000000000002e-06,0,0,4.4699e-12,0.15183,0.00013473,4.7627e-06,1.0546,6.4263e-05,0,0.0086383,9.8763e-06,0.7509600000000001,0,0,1,0,0,0,0,0,0,0,0,0,1,0,0,1,1,1,1,1,1,0,1,1,1,0,0,50.26834541879524
182,0.22891,0,0,0,0,0,0,0,0,0,0.10845999999999999,0,0,0.45514,1.015e-06,2.8643e-08,0.00081831,0.86561,6.851600000000001e-07,0,0.004169399999999999,0.00037448,0.59475,0,0,1,0,0,0,0,0,0,0,0,0,1,0,0,1,1,1,1,1,1,0,1,1,1,0,0,53.43259135482137
183,7.7851e-05,0,0,0,0,0,0,0,0,0,0.0019592,0,0,1.2783e-06,0.31071,6.68e-08,0.66546,0.7002,8.2019e-08,0,0.005910800000000001,1.3817e-09,0.18707000000000001,0,0,1,0,0,0,0,0,0,0,0,0,1,0,0,1,1,1,1,1,1,0,1,1,1,0,0,49.3592982904082
184,1.8453e-09,0,0,0,0,0,0,0,0,0,0.00035723,0,0,7.673e-06,4.0307e-09,8.1788e-12,0.016914,1.0513,1.0848999999999999e-10,0,0.0025375,5.7870999999999996e-08,0.60633,0,0,1,0,0,0,0,0,0,0,0,0,1,0,0,1,1,1,1,1,1,0,1,1,1,0,0,48.45105732406041
185,0.026581,0,0,0,0,0,0,0,0,0,6.4912e-08,0,0,4.2736e-08,0.009450299999999998,3.8041e-08,6.4998e-10,1.0513,1.1849000000000001e-05,0,2.2604000000000002e-08,3.6877e-09,0.78304,0,0,1,0,0,0,0,0,0,0,0,0,1,0,0,1,1,1,1,1,1,0,1,1,1,0,0,49.350285536677426
186,0.56242,0,0,0,0,0,0,0,0,0,2.3193e-08,0,0,0.019761,3.0835000000000003e-07,1.9585999999999998e-07,0.065774,0.93574,1.65e-07,0,2.3800000000000003e-05,0.002334,0.51054,0,0,1,0,0,0,0,0,0,0,0,0,1,0,0,1,1,1,1,1,1,0,1,1,1,0,0,48.41789044223546
187,0.40166999999999997,0,0,0,0,0,0,0,0,0,0.00076364,0,0,0.3686,0.0031956,2.2828000000000002e-11,0.024095,0.9937,2.0622e-06,0,2.3125e-09,1.5279e-07,0.3135,0,0,1,0,0,0,0,0,0,0,0,0,1,0,0,1,1,1,1,1,1,0,1,1,1,0,0,50.9853679538706
188,0.016661000000000002,0,0,0,0,0,0,0,0,0,0.00087746,0,0,0.0086566,0.00019656,1.4988e-10,0.0018158000000000002,1.0905,1.2863e-05,0,0.0032119999999999996,7.7862e-06,0.73243,0,0,1,0,0,0,0,0,0,0,0,0,1,0,0,1,1,1,1,1,1,0,1,1,1,0,0,49.075457821688616
189,3.8001e-08,0,0,0,0,0,0,0,0,0,1.3320000000000002e-09,0,0,1.4472e-08,8.2646e-10,5.5014000000000005e-08,2.6638e-08,1.2246,2.6705e-05,0,1.6788e-09,3.9789e-09,0.7994100000000001,0,0,1,0,0,0,0,0,0,0,0,0,1,0,0,1,1,1,1,1,1,0,1,1,1,0,0,49.059310359402616
190,5.7323e-05,0,0,0,0,0,0,0,0,0,7.3273e-09,0,0,1.7954e-09,0.0042665,1.5232e-07,7.1389999999999994e-09,1.0482,0.00043599,0,0.0009486000000000001,4.1296999999999997e-07,0.9613,0,0,1,0,0,0,0,0,0,0,0,0,1,0,0,1,1,1,1,1,1,0,1,1,1,0,0,50.167401687191855
191,4.9092e-05,0,0,0,0,0,0,0,0,0,0.00010531,0,0,0.52781,9.9802e-05,1.1234000000000001e-07,0.082324,0.9015299999999999,7.3292999999999994e-06,0,2.1938e-06,9.346799999999999e-07,0.69429,0,0,1,0,0,0,0,0,0,0,0,0,1,0,0,1,1,1,1,1,1,0,1,1,1,0,0,54.57597641976503
192,2.5178e-09,0,0,0,0,0,0,0,0,0,0.01257,0,0,0.37866,0.015638,1.7409000000000002e-10,0.0038457,1.0527,1.1471e-08,0,0.0015532999999999999,7.3645e-05,0.48233000000000004,0,0,1,0,0,0,0,0,0,0,0,0,1,0,0,1,1,1,1,1,1,0,1,1,1,0,0,51.88683382960889
193,3.3967999999999996e-10,0,0,0,0,0,0,0,0,0,0.00010827,0,0,1.6637e-06,0.00045551,1.4806e-06,0.15192,1.2574,2.8747e-07,0,9.4249e-10,2.1874e-06,0.62498,0,0,1,0,0,0,0,0,0,0,0,0,1,0,0,1,1,1,1,1,1,0,1,1,1,0,0,48.17782234966707
194,6.2643e-07,0,0,0,0,0,0,0,0,0,9.9271e-09,0,0,0.00013169,2.6716e-05,6.8917e-05,3.2044e-06,1.1287,1.714e-06,0,6.6771e-06,1.0311e-07,0.8436100000000001,0,0,1,0,0,0,0,0,0,0,0,0,1,0,0,1,1,1,1,1,1,0,1,1,1,0,0,49.43640873693357
195,0.0031197,0,0,0,0,0,0,0,0,0,0.00013876,0,0,0.00072825,2.2170999999999997e-08,0.00065653,4.7355e-05,1.0302,1.6758999999999998e-08,0,3.5563000000000005e-05,0.00026319,0.55945,0,0,1,0,0,0,0,0,0,0,0,0,1,0,0,1,1,1,1,1,1,0,1,1,1,0,0,48.26641574409828
196,0.4366,0,0,0,0,0,0,0,0,0,0.0030885,0,0,2.8945e-09,0.0019041,4.5502e-11,2.6295999999999997e-09,1.1811,0.000129,0,4.7594999999999995e-09,2.5024000000000003e-08,0.35935,0,0,1,0,0,0,0,0,0,0,0,0,1,0,0,1,1,1,1,1,1,0,1,1,1,0,0,47.05895708352291
197,2.2652e-08,0,0,0,0,0,0,0,0,0,1.7047999999999998e-07,0,0,0.021165,2.2743e-08,7.6247e-11,8.1802e-10,1.0873,1.9015e-09,0,6.352000000000001e-07,9.6513e-11,1.0158,0,0,1,0,0,0,0,0,0,0,0,0,1,0,0,1,1,1,1,1,1,0,1,1,1,0,0,50.54274461909302
198,0.0019617000000000002,0,0,0,0,0,0,0,0,0,0.011504,0,0,5.7395e-08,0.37323,5.3686e-09,1.9181e-09,1.0082,5.3603e-07,0,5.509e-07,1.4946e-06,0.8284,0,0,1,0,0,0,0,0,0,0,0,0,1,0,0,1,1,1,1,1,1,0,1,1,1,0,0,52.310097949068215
199,1.0874e-07,0,0,0,0,0,0,0,0,0,1.1422e-06,0,0,3.4573000000000005e-09,9.0996e-06,4.880300000000001e-11,0.00031830000000000004,1.151,3.6128e-07,0,1.5880999999999998e-07,1.1318e-08,0.9118700000000001,0,0,1,0,0,0,0,0,0,0,0,0,1,0,0,1,1,1,1,1,1,0,1,1,1,0,0,49.72048270813496
200,0.78091,0,0,0,0,0,0,0,0,0,0.00016653,0,0,7.751300000000001e-07,3.628e-13,9.794e-11,3.5082e-07,1.1384,6.7457e-05,0,3.5168e-09,2.0641e-08,0.12947,0,0,1,0,0,0,0,0,0,0,0,0,1,0,0,1,1,1,1,1,1,0,1,1,1,0,0,46.02724328841592
201,0.00034926,0,0,0,0,0,0,0,0,0,1.462e-09,0,0,0.27229000000000003,2.592e-10,2.66e-11,7.372999999999999e-09,0.9251299999999999,2.2122e-07,0,4.5316e-09,5.663999999999999e-10,0.9882299999999999,0,0,1,0,0,0,0,0,0,0,0,0,1,0,0,1,1,1,1,1,1,0,1,1,1,0,0,53.2883208126437
202,0.5059899999999999,0,0,0,0,0,0,0,0,0,1.2071e-13,0,0,0.24401,0.0022712,3.0737e-09,9.558399999999999e-09,1.0290000000000001,4.0336e-06,0,0.17081,0.00021744,0.23589000000000002,0,0,1,0,0,0,0,0,0,0,0,0,1,0,0,1,1,1,1,1,1,0,1,1,1,0,0,49.875822743229406
203,2.9902e-08,0,0,0,0,0,0,0,0,0,0.0017675,0,0,3.9605e-10,1.6760000000000002e-07,4.0784e-07,0.10890999999999999,1.1334,0.00027669,0,0.00083945,4.6483999999999995e-08,0.69939,0,0,1,0,0,0,0,0,0,0,0,0,1,0,0,1,1,1,1,1,1,0,1,1,1,0,0,48.74494217687167
204,0.75333,0,0,0,0,0,0,0,0,0,0.00045622,0,0,5.1936e-08,0.0029980000000000002,3.7582e-08,2.9137e-05,0.5038,5.006699999999999e-09,0,0.0010356,3.3812e-05,0.3115,0,0,1,0,0,0,0,0,0,0,0,0,1,0,0,1,1,1,1,1,1,0,1,1,1,0,0,48.01378911667914
205,5.731499999999999e-10,0,0,0,0,0,0,0,0,0,8.0485e-05,0,0,6.883699999999999e-05,0.18692,2.7213000000000002e-11,0.0011499000000000001,1.2614,4.4074999999999996e-08,0,0.0046091000000000005,1.8188999999999998e-08,0.69925,0,0,1,0,0,0,0,0,0,0,0,0,1,0,0,1,1,1,1,1,1,0,1,1,1,0,0,49.90931148700189
206,0.17595,0,0,0,0,0,0,0,0,0,0.00055577,0,0,0.26268,0.13285999999999998,1.0474000000000001e-09,6.3681999999999996e-09,1.1306,1.4354e-07,0,2.1689000000000002e-05,4.2399e-05,0.18705,0,0,1,0,0,0,0,0,0,0,0,0,1,0,0,1,1,1,1,1,1,0,1,1,1,0,0,50.00563713938347
207,1.8497e-09,0,0,0,0,0,0,0,0,0,4.0641e-05,0,0,1.0895999999999999e-08,0.0059186,0.00038607,8.708499999999999e-10,1.0194,3.7237e-06,0,1.5614e-08,5.0509e-07,0.61992,0,0,1,0,0,0,0,0,0,0,0,0,1,0,0,1,1,1,1,1,1,0,1,1,1,0,0,48.60495434005384
208,1.2523e-05,0,0,0,0,0,0,0,0,0,7.8549e-07,0,0,0.05936,3.655e-10,1.068e-09,8.0048e-06,1.2495,1.9943e-09,0,5.3533e-06,2.385e-09,0.78875,0,0,1,0,0,0,0,0,0,0,0,0,1,0,0,1,1,1,1,1,1,0,1,1,1,0,0,49.579424439770285
209,0.030097000000000002,0,0,0,0,0,0,0,0,0,2.7539e-08,0,0,0.0011548,2.9072e-05,0.0001035,0.00023825,1.1771,1.5625e-06,0,4.7273000000000004e-09,1.2886e-07,0.79146,0,0,1,0,0,0,0,0,0,0,0,0,1,0,0,1,1,1,1,1,1,0,1,1,1,0,0,49.115763495501234
210,0.5171399999999999,0,0,0,0,0,0,0,0,0,0.000366,0,0,0.0012722,4.5388000000000007e-11,3.0813e-12,0.13738,1.1025,0.009706600000000001,0,0.017018000000000002,0.34351,0.56628,0,0,1,0,0,0,0,0,0,0,0,0,1,0,0,1,1,1,1,1,1,0,1,1,1,0,0,52.185545796607286
211,0.67956,0,0,0,0,0,0,0,0,0,0.00010071,0,0,1.1970000000000001e-09,0.21734,2.4392e-07,0.19025,1.1277,5.2996000000000006e-05,0,0.04523,5.9221000000000005e-08,0.31574,0,0,1,0,0,0,0,0,0,0,0,0,1,0,0,1,1,1,1,1,1,0,1,1,1,0,0,48.687472712964805
212,0.46508,0,0,0,0,0,0,0,0,0,0.0031615,0,0,4.867200000000001e-08,1.8099000000000002e-08,1.3126e-10,5.2901e-05,0.95619,3.5994e-12,0,2.6114e-09,1.6817e-07,0.9062,0,0,1,0,0,0,0,0,0,0,0,0,1,0,0,1,1,1,1,1,1,0,1,1,1,0,0,50.02999116744614
213,0.70482,0,0,0,0,0,0,0,0,0,0.020794,0,0,1.61e-09,1.1753e-06,8.595599999999999e-10,6.8472e-05,0.96068,1.0124e-06,0,2.0784e-05,7.6958e-05,0.30626,0,0,1,0,0,0,0,0,0,0,0,0,1,0,0,1,1,1,1,1,1,0,1,1,1,0,0,47.17460200197179
214,0.42545,0,0,0,0,0,0,0,0,0,5.1271999999999994e-09,0,0,1.4708e-10,5.4099000000000005e-06,5.0097e-07,0.00013203,1.1623,1.3704000000000001e-07,0,0.0010202,4.7982e-10,0.8945799999999999,0,0,1,0,0,0,0,0,0,0,0,0,1,0,0,1,1,1,1,1,1,0,1,1,1,0,0,49.62249841983025
215,1.0182e-09,0,0,0,0,0,0,0,0,0,0.00022952,0,0,0.21279,3.6553e-10,2.8603000000000003e-07,0.0049158000000000006,1.3388,5.3094e-10,0,1.4973e-08,1.3680999999999999e-09,0.89984,0,0,1,0,0,0,0,0,0,0,0,0,1,0,0,1,1,1,1,1,1,0,1,1,1,0,0,51.53893309872832
216,0.00037160000000000003,0,0,0,0,0,0,0,0,0,1.0495e-05,0,0,2.0945e-07,7.6253e-07,3.3777e-12,2.4674e-11,1.2447,5.582000000000001e-12,0,1.5662e-07,1.1562000000000001e-07,0.91771,0,0,1,0,0,0,0,0,0,0,0,0,1,0,0,1,1,1,1,1,1,0,1,1,1,0,0,49.58630594283371
217,0.43686,0,0,0,0,0,0,0,0,0,1.1099e-07,0,0,0.0014484,1.8279e-08,3.3343000000000004e-11,0.059440999999999994,1.4857,7.7061e-06,0,0.12838,1.0509000000000001e-07,0.36312,0,0,1,0,0,0,0,0,0,0,0,0,1,0,0,1,1,1,1,1,1,0,1,1,1,0,0,47.01195531898896
218,0.025101,0,0,0,0,0,0,0,0,0,2.2386e-05,0,0,2.4275e-05,0.34648,3.6823e-08,8.358100000000001e-07,1.0323,2.4308000000000003e-09,0,1.7495000000000001e-07,1.1356e-08,1.1878,0,0,1,0,0,0,0,0,0,0,0,0,1,0,0,1,1,1,1,1,1,0,1,1,1,0,0,53.77885089576382
219,0.70833,0,0,0,0,0,0,0,0,0,0.00049836,0,0,1.0223e-06,0.0056636,2.907e-08,6.125699999999999e-09,1.1019,0.00093167,0,0.00021935,8.903200000000001e-05,0.27354,0,0,1,0,0,0,0,0,0,0,0,0,1,0,0,1,1,1,1,1,1,0,1,1,1,0,0,46.81773423770569
220,0.21969,0,0,0,0,0,0,0,0,0,2.5954e-07,0,0,1.8661000000000002e-06,0.47562,3.0951e-11,3.0266999999999997e-05,0.9570700000000001,0.00018308,0,1.0464e-06,2.3583e-11,0.8950299999999999,0,0,1,0,0,0,0,0,0,0,0,0,1,0,0,1,1,1,1,1,1,0,1,1,1,0,0,53.46628081339874
221,0.07144400000000001,0,0,0,0,0,0,0,0,0,1.4407e-07,0,0,1.0894e-11,0.0029031999999999994,8.277999999999999e-08,5.9198000000000005e-08,0.7944399999999999,0.56609,0,5.4923e-05,4.3149e-06,1.3315,0,0,1,0,0,0,0,0,0,0,0,0,1,0,0,1,1,1,1,1,1,0,1,1,1,0,0,52.350317619760226
222,1.4803e-08,0,0,0,0,0,0,0,0,0,8.294299999999999e-10,0,0,4.2179e-09,4.3540000000000005e-09,2.832e-07,0.00090815,1.1333,0.05095,0,1.0348e-05,8.9246e-10,1.1652,0,0,1,0,0,0,0,0,0,0,0,0,1,0,0,1,1,1,1,1,1,0,1,1,1,0,0,50.95387169703405
223,3.7188e-07,0,0,0,0,0,0,0,0,0,0.0024272,0,0,2.1981999999999997e-05,5.8628e-05,1.6413999999999999e-06,0.13022,1.2302,2.42e-10,0,2.1275999999999998e-06,7.145999999999999e-07,0.69087,0,0,1,0,0,0,0,0,0,0,0,0,1,0,0,1,1,1,1,1,1,0,1,1,1,0,0,48.534947650251425
224,4.2035e-11,0,0,0,0,0,0,0,0,0,5.7503e-05,0,0,0.11155,0.27226,6.2533e-11,0.0015722000000000002,1.0277,4.417e-05,0,5.424800000000001e-07,3.2524000000000005e-09,0.6946899999999999,0,0,1,0,0,0,0,0,0,0,0,0,1,0,0,1,1,1,1,1,1,0,1,1,1,0,0,52.053761821536796
225,0.004307,0,0,0,0,0,0,0,0,0,5.1377e-05,0,0,1.9578e-13,0.40016,2.4799000000000004e-10,0.00017703,1.0414,2.4072e-06,0,1.7621e-06,1.3407e-05,0.6268600000000001,0,0,1,0,0,0,0,0,0,0,0,0,1,0,0,1,1,1,1,1,1,0,1,1,1,0,0,51.4936057269148
226,2.3515999999999997e-07,0,0,0,0,0,0,0,0,0,0.00016582,0,0,0.16389,0.6403800000000001,3.5442999999999995e-08,9.7363e-08,0.69182,0.27163000000000004,0,0.091279,3.1075e-06,0.33860999999999997,0,0,1,0,0,0,0,0,0,0,0,0,1,0,0,1,1,1,1,1,1,0,1,1,1,0,0,54.51343947878036
227,0.40323000000000003,0,0,0,0,0,0,0,0,0,1.4617000000000002e-07,0,0,0.34773000000000004,0.28867,4.8261000000000005e-11,0.00014256,1.1351,1.2595000000000001e-08,0,3.2004e-05,9.323200000000001e-10,0.40911,0,0,1,0,0,0,0,0,0,0,0,0,1,0,0,1,1,1,1,1,1,0,1,1,1,0,0,53.07468352414853
228,0.0002492,0,0,0,0,0,0,0,0,0,0.009005899999999999,0,0,0.1937,4.8661999999999996e-05,4.9409e-11,0.1401,1.2343,2.2651e-09,0,1.8864e-08,5.983800000000001e-10,0.7097,0,0,1,0,0,0,0,0,0,0,0,0,1,0,0,1,1,1,1,1,1,0,1,1,1,0,0,50.619611398349846
229,1.1258,0,0,0,0,0,0,0,0,0,0.10249000000000001,0,0,1.6539000000000003e-07,0.068117,0.34746,0.0010290999999999998,0.7650899999999999,6.446300000000002e-11,0,0.0003167,0.5303399999999999,0.00016104,0,0,1,0,0,0,0,0,0,0,0,0,1,0,0,1,1,1,1,1,1,0,1,1,1,0,0,52.65448421114806
230,0.37496,0,0,0,0,0,0,0,0,0,2.2588e-08,0,0,0.3281,0.5465399999999999,7.3389e-12,0.012996,1.3012,1.6230000000000002e-10,0,4.848899999999999e-07,8.9572e-08,0.47596000000000005,0,0,1,0,0,0,0,0,0,0,0,0,1,0,0,1,1,1,1,1,1,0,1,1,1,0,0,54.79477040614567
231,2.1646e-06,0,0,0,0,0,0,0,0,0,0.067098,0,0,7.1106e-08,4.3029e-06,3.0381000000000005e-11,0.00089541,1.1037,3.0266e-11,0,1.0085e-06,2.0958e-09,0.81815,0,0,1,0,0,0,0,0,0,0,0,0,1,0,0,1,1,1,1,1,1,0,1,1,1,0,0,49.35715683179752
232,0.019691999999999998,0,0,0,0,0,0,0,0,0,0.4883,0,0,0.31725,0.19089,1.3724e-07,5.9797e-11,1.2749,1.1862e-06,0,2.5303e-06,8.725199999999999e-08,0.46082,0,0,1,0,0,0,0,0,0,0,0,0,1,0,0,1,1,1,1,1,1,0,1,1,1,0,0,52.045838441092265
233,0.4504,0,0,0,0,0,0,0,0,0,1.5778999999999998e-10,0,0,8.613500000000001e-11,0.00016691,1.0304e-07,5.4676e-06,1.1317,5.6733e-08,0,3.8075999999999998e-06,1.2832e-11,0.52783,0,0,1,0,0,0,0,0,0,0,0,0,1,0,0,1,1,1,1,1,1,0,1,1,1,0,0,47.93151537648527
234,5.7828e-09,0,0,0,0,0,0,0,0,0,2.9145e-05,0,0,0.0001643,0.00010011,1.6503000000000002e-08,0.18220999999999998,1.2412,7.3626e-06,0,1.0323999999999998e-06,4.5058999999999996e-07,0.57103,0,0,1,0,0,0,0,0,0,0,0,0,1,0,0,1,1,1,1,1,1,0,1,1,1,0,0,47.94869925732455
235,0.38858000000000004,0,0,0,0,0,0,0,0,0,9.3532e-06,0,0,0.28035,6.1329e-10,7.837899999999998e-11,0.0059048,1.1029,6.8877e-05,0,8.676299999999999e-11,3.2424e-13,0.75508,0,0,1,0,0,0,0,0,0,0,0,0,1,0,0,1,1,1,1,1,1,0,1,1,1,0,0,51.95756189910507
236,9.617799999999999e-05,0,0,0,0,0,0,0,0,0,1.5826e-07,0,0,1.6671e-05,4.5706000000000004e-07,3.6585e-08,0.017133000000000002,1.1467,2.2649e-07,0,2.079e-06,4.0606e-07,0.76227,0,0,1,0,0,0,0,0,0,0,0,0,1,0,0,1,1,1,1,1,1,0,1,1,1,0,0,49.017708781472244
237,0.00065643,0,0,0,0,0,0,0,0,0,2.4679e-07,0,0,0.001216,6.925799999999999e-09,3.0237e-10,0.076074,1.0175,8.2381e-10,0,2.7700999999999998e-08,5.2695e-07,0.8787,0,0,1,0,0,0,0,0,0,0,0,0,1,0,0,1,1,1,1,1,1,0,1,1,1,0,0,49.806092353017625
238,0.69207,0,0,0,0,0,0,0,0,0,6.1974e-05,0,0,2.8201e-08,9.8428e-08,5.0491e-08,0.00086883,0.83844,0.047702999999999995,0,0.029057,5.2249e-09,0.56899,0,0,1,0,0,0,0,0,0,0,0,0,1,0,0,1,1,1,1,1,1,0,1,1,1,0,0,48.736426387493864
239,0.26331,0,0,0,0,0,0,0,0,0,1.1664e-09,0,0,0.14557,7.0272999999999995e-09,2.4114e-07,2.6205999999999997e-11,1.1711,2.1455e-05,0,0.020281,2.0104e-09,0.78779,0,0,1,0,0,0,0,0,0,0,0,0,1,0,0,1,1,1,1,1,1,0,1,1,1,0,0,50.6742940586667
240,9.8917e-09,0,0,0,0,0,0,0,0,0,2.3544e-07,0,0,0.27908,0.08740099999999999,3.5345e-07,5.5303e-08,1.2423,3.0606e-06,0,0.019321,6.437000000000001e-07,0.53459,0,0,1,0,0,0,0,0,0,0,0,0,1,0,0,1,1,1,1,1,1,0,1,1,1,0,0,51.367482330114896
241,0.039938999999999995,0,0,0,0,0,0,0,0,0,0.012228,0,0,1.2334000000000001e-09,1.445e-08,1.058e-07,0.00018524,1.1297,4.8263e-07,0,1.1127e-09,1.9867e-09,0.66357,0,0,1,0,0,0,0,0,0,0,0,0,1,0,0,1,1,1,1,1,1,0,1,1,1,0,0,48.57824385197566
242,0.50536,0,0,0,0,0,0,0,0,0,0.0011967,0,0,2.043e-06,6.816499999999999e-14,5.9872e-16,0.089304,1.1106,1.4112e-05,0,0.1877,0.19453,0.44061999999999996,0,0,1,0,0,0,0,0,0,0,0,0,1,0,0,1,1,1,1,1,1,0,1,1,1,0,0,50.461328725028146
243,0.46663999999999994,0,0,0,0,0,0,0,0,0,0.035421,0,0,0.09092599999999999,0.020613,3.27e-11,1.0833e-10,1.2657,8.730399999999999e-10,0,1.5767e-07,3.704e-08,0.55053,0,0,1,0,0,0,0,0,0,0,0,0,1,0,0,1,1,1,1,1,1,0,1,1,1,0,0,48.89797115036313
244,0.74885,0,0,0,0,0,0,0,0,0,5.0037e-07,0,0,0.28547,0.47618,0.086146,0.086622,0.8553,0.00065151,0,3.1272e-05,0.0020415,0.015013,0,0,1,0,0,0,0,0,0,0,0,0,1,0,0,1,1,1,1,1,1,0,1,1,1,0,0,52.44283024223779
245,0.77113,0,0,0,0,0,0,0,0,0,1.8913e-10,0,0,0.00096644,8.2109e-05,5.6545e-11,0.19445,1.0767,1.7724e-09,0,0.073594,2.2609000000000002e-06,0.48121,0,0,1,0,0,0,0,0,0,0,0,0,1,0,0,1,1,1,1,1,1,0,1,1,1,0,0,48.07836950025178
246,2.3399999999999998e-08,0,0,0,0,0,0,0,0,0,0.00020963,0,0,8.6797e-08,0.00050086,2.9427e-06,0.0088482,1.04,1.6625999999999998e-09,0,4.458500000000001e-06,1.7460000000000001e-07,0.98361,0,0,1,0,0,0,0,0,0,0,0,0,1,0,0,1,1,1,1,1,1,0,1,1,1,0,0,50.256471981151726
247,2.6859e-05,0,0,0,0,0,0,0,0,0,0.01874,0,0,0.30656,6.654999999999999e-11,2.9717e-07,0.00020864,1.1698,1.6933e-07,0,0.00019016,0.00011505,0.6128399999999999,0,0,1,0,0,0,0,0,0,0,0,0,1,0,0,1,1,1,1,1,1,0,1,1,1,0,0,51.43962306238216
248,2.8626e-09,0,0,0,0,0,0,0,0,0,5.950800000000001e-10,0,0,0.00033918,0.00040118,4.8381999999999996e-08,3.2706e-08,1.2116,3.9818e-06,0,3.1256e-08,4.3969e-09,0.8736700000000001,0,0,1,0,0,0,0,0,0,0,0,0,1,0,0,1,1,1,1,1,1,0,1,1,1,0,0,49.440813273616016
249,0.058897000000000005,0,0,0,0,0,0,0,0,0,1.5131e-07,0,0,0.0025802,0.28376,1.5527e-05,0.26341,0.75965,3.3109000000000004e-07,0,1.3528e-05,1.5458e-07,0.7435,0,0,1,0,0,0,0,0,0,0,0,0,1,0,0,1,1,1,1,1,1,0,1,1,1,0,0,51.70634097895926
250,0.1322,0,0,0,0,0,0,0,0,0,0.00057498,0,0,4.8433e-05,6.9688e-05,5.0742e-10,0.05708,1.123,2.1479e-08,0,0.026004000000000003,0.00040143,0.6028399999999999,0,0,1,0,0,0,0,0,0,0,0,0,1,0,0,1,1,1,1,1,1,0,1,1,1,0,0,48.400310462510355
251,0.17354,0,0,0,0,0,0,0,0,0,6.8479e-10,0,0,5.7528e-10,0.10325,0.013213999999999998,0.0064295,1.2045,0.0009969,0,1.3501e-06,8.483e-06,0.16874,0,0,1,0,0,0,0,0,0,0,0,0,1,0,0,1,1,1,1,1,1,0,1,1,1,0,0,46.85742843395848
252,0.54004,0,0,0,0,0,0,0,0,0,7.800699999999999e-09,0,0,2.4541e-10,1.3382e-11,1.0570999999999999e-08,1.2385999999999998e-09,1.2973,1.2020999999999999e-06,0,2.5053999999999997e-08,3.7589e-09,0.91251,0,0,1,0,0,0,0,0,0,0,0,0,1,0,0,1,1,1,1,1,1,0,1,1,1,0,0,49.47075011133486
253,0.003713,0,0,0,0,0,0,0,0,0,0.011508,0,0,0.17769000000000001,0.4071,2.1289e-10,0.13939000000000001,0.7588199999999999,1.1229e-06,0,1.7628999999999999e-06,1.1696e-05,0.7599899999999999,0,0,1,0,0,0,0,0,0,0,0,0,1,0,0,1,1,1,1,1,1,0,1,1,1,0,0,54.501870775767145
254,0.27219,0,0,0,0,0,0,0,0,0,0.036099,0,0,1.8386e-09,0.27141,3.2726999999999993e-11,5.8957e-05,1.2322,8.2006e-05,0,0.073804,0.00044637,0.36206,0,0,1,0,0,0,0,0,0,0,0,0,1,0,0,1,1,1,1,1,1,0,1,1,1,0,0,49.231317090187524
255,2.2938000000000001e-10,0,0,0,0,0,0,0,0,0,1.4981e-09,0,0,5.9181e-12,0.015803,7.0438e-12,0.00021552,1.2949,1.3550999999999998e-10,0,1.3683e-07,4.445e-10,0.90435,0,0,1,0,0,0,0,0,0,0,0,0,1,0,0,1,1,1,1,1,1,0,1,1,1,0,0,49.55213772370358
256,3.706e-05,0,0,0,0,0,0,0,0,0,0.012076,0,0,1.2632e-06,3.8072e-09,2.1256e-06,0.3889,1.1555,7.3165999999999995e-06,0,5.0659e-10,4.844300000000001e-07,0.23448000000000002,0,0,1,0,0,0,0,0,0,0,0,0,1,0,0,1,1,1,1,1,1,0,1,1,1,0,0,46.49631895064273
257,0.0016684,0,0,0,0,0,0,0,0,0,9.419600000000001e-09,0,0,0.00022172,0.00027239,3.928e-11,1.2106000000000001e-06,1.1713,4.0434e-07,0,3.4001e-07,4.9886e-09,0.84364,0,0,1,0,0,0,0,0,0,0,0,0,1,0,0,1,1,1,1,1,1,0,1,1,1,0,0,49.36567829331788
258,5.161999999999999e-07,0,0,0,0,0,0,0,0,0,0.011302,0,0,5.131e-10,0.051081,1.6362000000000002e-09,0.038755,1.0367,1.1629e-09,0,0.0039626999999999996,4.453899999999999e-09,0.82611,0,0,1,0,0,0,0,0,0,0,0,0,1,0,0,1,1,1,1,1,1,0,1,1,1,0,0,49.899761603861215
259,0.059058000000000006,0,0,0,0,0,0,0,0,0,0.00076478,0,0,1.9041e-05,3.831e-05,3.1921999999999997e-07,0.00063579,1.1566,6.769e-08,0,0.0013212999999999999,3.8816e-09,0.57525,0,0,1,0,0,0,0,0,0,0,0,0,1,0,0,1,1,1,1,1,1,0,1,1,1,0,0,48.117638519845464
260,0.68901,0,0,0,0,0,0,0,0,0,0.00025342,0,0,0.0034268000000000002,6.968600000000001e-07,4.9955e-08,0.27435,0.7727,2.6356999999999997e-07,0,6.5663e-05,1.7538e-06,0.33154,0,0,1,0,0,0,0,0,0,0,0,0,1,0,0,1,1,1,1,1,1,0,1,1,1,0,0,47.6540553849341
261,4.851e-08,0,0,0,0,0,0,0,0,0,0.044807,0,0,1.8626e-08,0.0014254,6.7387e-07,0.00016637,1.0838,3.5975000000000003e-07,0,5.1223e-09,2.1237e-06,0.8383,0,0,1,0,0,0,0,0,0,0,0,0,1,0,0,1,1,1,1,1,1,0,1,1,1,0,0,49.497655536867825
262,1.5237999999999999e-05,0,0,0,0,0,0,0,0,0,0.00022544,0,0,6.2932e-09,0.00090126,4.1157e-10,0.06572599999999999,1.2184,5.373600000000001e-07,0,4.1278000000000006e-09,5.2764e-09,0.97325,0,0,1,0,0,0,0,0,0,0,0,0,1,0,0,1,1,1,1,1,1,0,1,1,1,0,0,49.90205090211145
263,1.4953e-09,0,0,0,0,0,0,0,0,0,0.0015297000000000002,0,0,0.6035699999999999,6.7895e-05,6.5531e-05,5.8646e-07,0.99716,0.1342,0,0.00015295,1.1494e-05,0.047754000000000005,0,0,1,0,0,0,0,0,0,0,0,0,1,0,0,1,1,1,1,1,1,0,1,1,1,0,0,52.1246590603973
264,0.0011438,0,0,0,0,0,0,0,0,0,3.1724e-08,0,0,4.3348999999999997e-10,1.9567e-09,1.2132999999999998e-11,2.1489000000000001e-07,1.0856,3.2739e-08,0,8.023e-05,6.6612e-06,0.8351700000000001,0,0,1,0,0,0,0,0,0,0,0,0,1,0,0,1,1,1,1,1,1,0,1,1,1,0,0,49.46956253561612
265,2.7436e-09,0,0,0,0,0,0,0,0,0,9.6896e-05,0,0,0.00043059,0.009367200000000001,4.7534e-09,0.00036148,1.0745,6.9377e-05,0,6.4213e-09,0.00063922,0.73028,0,0,1,0,0,0,0,0,0,0,0,0,1,0,0,1,1,1,1,1,1,0,1,1,1,0,0,49.07088848355886
266,0.6764399999999999,0,0,0,0,0,0,0,0,0,1.616e-08,0,0,2.4581e-07,2.1219999999999997e-08,5.9151e-14,1.8556e-06,1.0534,0.1701,0,0.17290999999999998,7.4408e-10,0.19286,0,0,1,0,0,0,0,0,0,0,0,0,1,0,0,1,1,1,1,1,1,0,1,1,1,0,0,47.09491214021121
267,0.098525,0,0,0,0,0,0,0,0,0,0.018650999999999997,0,0,0.57625,4.6812e-10,1.7732e-10,0.063288,0.56475,5.3334000000000005e-06,0,0.39089,3.3876e-07,0.64923,0,0,1,0,0,0,0,0,0,0,0,0,1,0,0,1,1,1,1,1,1,0,1,1,1,0,0,56.84512811221303
268,0.24001,0,0,0,0,0,0,0,0,0,0.23656999999999997,0,0,0.047642000000000004,0.24309,9.8498e-10,0.00029667,1.0136,0.00034413,0,4.5705000000000004e-10,0.00029231,0.26208000000000004,0,0,1,0,0,0,0,0,0,0,0,0,1,0,0,1,1,1,1,1,1,0,1,1,1,0,0,49.15254827315225
269,0.5366,0,0,0,0,0,0,0,0,0,2.0355e-08,0,0,8.3087e-09,0.004306100000000001,8.4509e-10,0.013327,1.2668,3.2874e-10,0,1.3581e-06,1.7165999999999998e-09,0.20006,0,0,1,0,0,0,0,0,0,0,0,0,1,0,0,1,1,1,1,1,1,0,1,1,1,0,0,46.172230540042385
270,0.5182100000000001,0,0,0,0,0,0,0,0,0,0.021813,0,0,4.840299999999999e-10,0.35184,0.00087782,0.0039134,1.1352,3.0495e-08,0,0.00046196,1.1466000000000001e-10,0.5216,0,0,1,0,0,0,0,0,0,0,0,0,1,0,0,1,1,1,1,1,1,0,1,1,1,0,0,50.478645568973384
271,0.16455,0,0,0,0,0,0,0,0,0,2.3055999999999997e-05,0,0,0.15434,0.059329,4.621000000000001e-12,2.4009e-06,1.36,6.104899999999999e-08,0,0.00022253,1.1743000000000001e-06,0.28043,0,0,1,0,0,0,0,0,0,0,0,0,1,0,0,1,1,1,1,1,1,0,1,1,1,0,0,48.39321585482715
272,0.28603,0,0,0,0,0,0,0,0,0,0.023208000000000003,0,0,0.00067552,1.4499e-07,3.8121999999999996e-08,0.00043505,1.2039,2.9516000000000003e-06,0,0.049205,2.5535e-05,0.31728,0,0,1,0,0,0,0,0,0,0,0,0,1,0,0,1,1,1,1,1,1,0,1,1,1,0,0,46.98951983029352
273,1.1525e-11,0,0,0,0,0,0,0,0,0,0.0018955999999999999,0,0,7.136499999999999e-07,0.15317999999999998,3.6389e-08,0.42422,1.0014,2.4516999999999998e-06,0,0.030541000000000002,2.4500999999999998e-05,0.47142,0,0,1,0,0,0,0,0,0,0,0,0,1,0,0,1,1,1,1,1,1,0,1,1,1,0,0,49.121546302894366
274,1.4252999999999999e-05,0,0,0,0,0,0,0,0,0,3.5638e-08,0,0,5.0721000000000004e-05,2.9723e-10,1.0655e-10,7.359700000000001e-08,1.1041,2.4188000000000003e-05,0,0.00062584,4.9364e-09,0.89161,0,0,1,0,0,0,0,0,0,0,0,0,1,0,0,1,1,1,1,1,1,0,1,1,1,0,0,49.70799631473448
275,8.267700000000001e-05,0,0,0,0,0,0,0,0,0,0.0049758,0,0,0.48184,0.00071137,3.2189e-09,0.018328999999999998,0.9780399999999999,6.120700000000001e-07,0,7.4444e-11,4.74e-05,0.5666100000000001,0,0,1,0,0,0,0,0,0,0,0,0,1,0,0,1,1,1,1,1,1,0,1,1,1,0,0,53.367314755771424
276,7.2533e-07,0,0,0,0,0,0,0,0,0,6.9967e-07,0,0,1.2150999999999999e-09,2.7810000000000002e-09,0.27710999999999997,0.049672,1.192,3.2398e-07,0,4.4945e-11,1.3091e-18,0.022841999999999998,0,0,1,0,0,0,0,0,0,0,0,0,1,0,0,1,1,1,1,1,1,0,1,1,1,0,0,45.42836717554002
277,0.019832,0,0,0,0,0,0,0,0,0,0.0048871,0,0,5.8235e-06,0.38475,0.21961,4.1952e-07,0.95447,0.32744,0,0.00053233,0.043818,0.5150399999999999,0,0,1,0,0,0,0,0,0,0,0,0,1,0,0,1,1,1,1,1,1,0,1,1,1,0,0,51.505139811096065
278,0.17552,0,0,0,0,0,0,0,0,0,0.027773000000000003,0,0,0.16259,0.20892,1.0204000000000002e-10,1.2789e-05,1.1783,1.0996e-06,0,0.007771300000000001,7.7574e-05,0.6292,0,0,1,0,0,0,0,0,0,0,0,0,1,0,0,1,1,1,1,1,1,0,1,1,1,0,0,51.5742399870597
279,0.40321999999999997,0,0,0,0,0,0,0,0,0,0.038787,0,0,0.10565999999999999,0.39411999999999997,9.8761e-08,7.0498e-07,0.8383700000000001,8.4471e-05,0,8.3647e-08,8.879200000000001e-05,0.5877100000000001,0,0,1,0,0,0,0,0,0,0,0,0,1,0,0,1,1,1,1,1,1,0,1,1,1,0,0,52.70735416695068
280,0.60598,0,0,0,0,0,0,0,0,0,6.224300000000001e-08,0,0,1.9005e-10,1.0372e-06,0.0031818000000000003,0.22248,0.9586,0.006632300000000001,0,3.7491999999999997e-07,1.1426999999999999e-07,0.18692999999999999,0,0,1,0,0,0,0,0,0,0,0,0,1,0,0,1,1,1,1,1,1,0,1,1,1,0,0,46.610641953853026
281,0.37054000000000004,0,0,0,0,0,0,0,0,0,3.2943e-08,0,0,0.19263,1.4807999999999999e-09,5.2253e-12,0.16255999999999998,1.0948,7.498800000000001e-05,0,5.8834e-07,1.4443e-09,0.80004,0,0,1,0,0,0,0,0,0,0,0,0,1,0,0,1,1,1,1,1,1,0,1,1,1,0,0,51.278098906666614
282,5.2612e-06,0,0,0,0,0,0,0,0,0,0.00013183,0,0,7.3135e-05,0.09764400000000001,1.9897999999999998e-05,0.1868,1.0415,3.5000999999999996e-10,0,2.284e-07,5.5677e-06,0.72985,0,0,1,0,0,0,0,0,0,0,0,0,1,0,0,1,1,1,1,1,1,0,1,1,1,0,0,49.76277999431575
283,2.6606e-05,0,0,0,0,0,0,0,0,0,2.8335e-07,0,0,0.0055633,0.01188,0.00011424,0.059676,1.1322,8.4644e-08,0,0.0095503,1.962e-06,0.6765800000000001,0,0,1,0,0,0,0,0,0,0,0,0,1,0,0,1,1,1,1,1,1,0,1,1,1,0,0,48.814670663213384
284,0.0087016,0,0,0,0,0,0,0,0,0,3.1467e-10,0,0,0.027402,0.52412,4.179200000000001e-06,0.0049142,0.7612899999999999,1.2298e-05,0,0.00037263,8.5797e-06,0.62169,0,0,1,0,0,0,0,0,0,0,0,0,1,0,0,1,1,1,1,1,1,0,1,1,1,0,0,53.14728165946265
285,0.20984,0,0,0,0,0,0,0,0,0,0.11212000000000001,0,0,0.085134,3.708e-06,3.1331e-09,5.6837999999999996e-08,1.2366,0.00015098,0,4.0951e-05,1.643e-07,0.62131,0,0,1,0,0,0,0,0,0,0,0,0,1,0,0,1,1,1,1,1,1,0,1,1,1,0,0,49.07331093628813
286,0.8022699999999999,0,0,0,0,0,0,0,0,0,0.0029415,0,0,0.012269,0.12128,1.2023999999999999e-08,1.0576000000000002e-08,0.9334100000000001,0.00010295,0,0.009323,4.4701000000000003e-07,0.046244,0,0,1,0,0,0,0,0,0,0,0,0,1,0,0,1,1,1,1,1,1,0,1,1,1,0,0,47.03655946925085
287,6.6886e-09,0,0,0,0,0,0,0,0,0,0.00034743,0,0,1.5064e-05,9.227e-07,2.7906999999999997e-11,0.041405000000000004,1.1887,2.2006e-07,0,2.8612e-05,8.715700000000001e-07,0.63625,0,0,1,0,0,0,0,0,0,0,0,0,1,0,0,1,1,1,1,1,1,0,1,1,1,0,0,48.346888937385934
288,8.8255e-05,0,0,0,0,0,0,0,0,0,0.0010279999999999998,0,0,0.0027034000000000003,0.019163,4.689900000000001e-10,9.613200000000001e-07,1.0214,1.9089e-07,0,0.038423,0.00095631,0.7935300000000001,0,0,1,0,0,0,0,0,0,0,0,0,1,0,0,1,1,1,1,1,1,0,1,1,1,0,0,49.69971120039693
289,0.9041799999999999,0,0,0,0,0,0,0,0,0,4.6469e-08,0,0,2.0951999999999999e-07,1.2613e-05,0.0045004,0.39505999999999997,1.0467,9.5284e-06,0,0.00025376,3.3486e-10,0.37577,0,0,1,0,0,0,0,0,0,0,0,0,1,0,0,1,1,1,1,1,1,0,1,1,1,0,0,47.356099602885614
290,0.51094,0,0,0,0,0,0,0,0,0,1.6366e-05,0,0,1.5659e-12,0.15654,1.5797e-09,0.09425499999999999,1.0806,1.3605e-07,0,0.30694,0.1319,0.026195,0,0,1,0,0,0,0,0,0,0,0,0,1,0,0,1,1,1,1,1,1,0,1,1,1,0,0,49.40195344248277
291,2.7581e-06,0,0,0,0,0,0,0,0,0,1.809e-06,0,0,0.30743000000000004,0.026888,1.2545e-05,0.0078505,0.91745,0.00043703,0,0.0022448,1.2514000000000002e-10,0.008245200000000001,0,0,1,0,0,0,0,0,0,0,0,0,1,0,0,1,1,1,1,1,1,0,1,1,1,0,0,49.21718547783651
292,5.603500000000001e-06,0,0,0,0,0,0,0,0,0,0.0016665,0,0,0.26809,7.4614e-09,4.5132e-10,1.519e-07,1.0466,1.7236e-09,0,1.2612999999999999e-06,1.9349e-09,0.6156699999999999,0,0,1,0,0,0,0,0,0,0,0,0,1,0,0,1,1,1,1,1,1,0,1,1,1,0,0,51.26611988913813
293,0.49351999999999996,0,0,0,0,0,0,0,0,0,1.1589e-07,0,0,0.010931,4.0759e-07,6.1013e-11,8.0205e-09,0.99965,1.2877e-07,0,3.7788e-06,6.4692e-06,0.46541000000000005,0,0,1,0,0,0,0,0,0,0,0,0,1,0,0,1,1,1,1,1,1,0,1,1,1,0,0,47.97509377582242
294,0.76152,0,0,0,0,0,0,0,0,0,0.37684,0,0,1.4468e-09,7.158e-11,2.4005e-06,4.9117e-06,1.1001,2.5659e-10,0,2.3355e-13,1.7613000000000001e-09,1.1065,0,0,1,0,0,0,0,0,0,0,0,0,1,0,0,1,1,1,1,1,1,0,1,1,1,0,0,50.73246514326621
295,0.44256999999999996,0,0,0,0,0,0,0,0,0,2.0425e-06,0,0,0.00018087,0.0038528,4.3118999999999996e-09,1.9666e-08,1.3288,3.7201e-05,0,0.014368,0.00010441,0.5774199999999999,0,0,1,0,0,0,0,0,0,0,0,0,1,0,0,1,1,1,1,1,1,0,1,1,1,0,0,47.90814198729696
296,2.071e-09,0,0,0,0,0,0,0,0,0,0.00017272,0,0,1.4887e-05,3.0197e-05,6.305499999999999e-06,0.00064946,1.1811,1.8587999999999998e-09,0,0.00117,2.5741000000000002e-08,1.0896,0,0,1,0,0,0,0,0,0,0,0,0,1,0,0,1,1,1,1,1,1,0,1,1,1,0,0,50.516880443389
297,0.11844,0,0,0,0,0,0,0,0,0,7.2757e-07,0,0,0.036864999999999995,8.458099999999999e-10,1.0259000000000001e-05,0.0042527,1.1028,1.9989e-06,0,0.23058,5.876899999999999e-07,0.41244,0,0,1,0,0,0,0,0,0,0,0,0,1,0,0,1,1,1,1,1,1,0,1,1,1,0,0,48.640071946904946
298,0.033259,0,0,0,0,0,0,0,0,0,0.00052487,0,0,0.38598000000000005,7.7164e-08,5.591799999999999e-10,2.6556000000000003e-08,1.1026,9.218099999999999e-10,0,4.981299999999999e-10,5.9075e-09,0.47939,0,0,1,0,0,0,0,0,0,0,0,0,1,0,0,1,1,1,1,1,1,0,1,1,1,0,0,51.74116938349879
299,0.47885,0,0,0,0,0,0,0,0,0,1.1139000000000001e-05,0,0,0.27421,2.5605e-11,2.9298000000000004e-09,3.9518e-08,1.1663,1.4638e-07,0,1.2129000000000002e-07,1.1073e-12,0.65013,0,0,1,0,0,0,0,0,0,0,0,0,1,0,0,1,1,1,1,1,1,0,1,1,1,0,0,51.286253136666666
300,0.28352,0,0,0,0,0,0,0,0,0,1.4929e-05,0,0,0.26365,0.16580999999999999,1.0329e-05,0.074414,1.1145,0.00091326,0,0.13178,7.908399999999999e-05,0.50415,0,0,1,0,0,0,0,0,0,0,0,0,1,0,0,1,1,1,1,1,1,0,1,1,1,0,0,52.26371447584499
301,0.032371,0,0,0,0,0,0,0,0,0,2.1156e-05,0,0,0.41253999999999996,2.1142e-07,3.2314999999999994e-11,0.0018215999999999998,1.1569,0.011316,0,5.2645e-08,9.203299999999999e-05,0.52957,0,0,1,0,0,0,0,0,0,0,0,0,1,0,0,1,1,1,1,1,1,0,1,1,1,0,0,52.16130535794971
302,1.6837,0,0,0,0,0,0,0,0,0,2.0703,0,0,1.6501,5.6515e-06,3.9478e-13,2.6498e-12,0.18945,0.00033631,0,2.7501999999999997e-13,2.8498e-08,1.4901,0,0,1,0,0,0,0,0,0,0,0,0,1,0,0,1,1,1,1,1,1,0,1,1,1,0,0,71.18715862217522
303,0.45965,0,0,0,0,0,0,0,0,0,0.13504000000000002,0,0,4.7545e-06,0.00078385,2.7169e-07,6.059899999999999e-07,1.1339,7.057300000000001e-07,0,9.6495e-06,7.5386e-06,0.51072,0,0,1,0,0,0,0,0,0,0,0,0,1,0,0,1,1,1,1,1,1,0,1,1,1,0,0,47.85115944267916
304,1.1753,0,0,0,0,0,0,0,0,0,0.0037876999999999997,0,0,0.0038488,0.015836000000000003,6.3401e-14,3.5141e-08,1.3309,0.0007402999999999999,0,0.0055487999999999996,3.1844000000000004e-08,5.0417e-06,0,0,1,0,0,0,0,0,0,0,0,0,1,0,0,1,1,1,1,1,1,0,1,1,1,0,0,45.255925781977325
305,0.0042233,0,0,0,0,0,0,0,0,0,0.0059681000000000005,0,0,0.00019681,4.369e-05,1.0782999999999999e-10,5.6436000000000007e-05,1.104,1.2477000000000001e-09,0,3.851e-09,2.1670999999999997e-09,0.59936,0,0,1,0,0,0,0,0,0,0,0,0,1,0,0,1,1,1,1,1,1,0,1,1,1,0,0,48.32011281190581
306,0.0068295000000000005,0,0,0,0,0,0,0,0,0,3.2863999999999997e-09,0,0,1.9517e-05,7.2975e-05,2.2834e-09,0.0014588,1.1537,7.5074e-06,0,0.00017398,8.798899999999999e-07,0.8166399999999999,0,0,1,0,0,0,0,0,0,0,0,0,1,0,0,1,1,1,1,1,1,0,1,1,1,0,0,49.26495738077058
307,0.28043,0,0,0,0,0,0,0,0,0,5.6279e-07,0,0,0.11604,0.00017384,6.1061e-05,1.3602e-07,1.2146,1.8768e-09,0,5.050899999999999e-06,5.5085e-07,0.7751600000000001,0,0,1,0,0,0,0,0,0,0,0,0,1,0,0,1,1,1,1,1,1,0,1,1,1,0,0,50.16247275676952
308,0.71509,0,0,0,0,0,0,0,0,0,1.8148e-06,0,0,1.8769e-12,1.7046e-11,9.9304e-10,3.7061e-07,0.7465,0.00049403,0,0.063841,9.670100000000001e-05,0.49454,0,0,1,0,0,0,0,0,0,0,0,0,1,0,0,1,1,1,1,1,1,0,1,1,1,0,0,48.6675437592217
309,5.8643e-08,0,0,0,0,0,0,0,0,0,0.032836000000000004,0,0,4.6545e-08,3.8054e-05,2.1600000000000002e-11,1.2477e-08,1.3474,3.8406e-10,0,1.5275e-08,1.9968e-09,0.80765,0,0,1,0,0,0,0,0,0,0,0,0,1,0,0,1,1,1,1,1,1,0,1,1,1,0,0,48.88660221173674
310,0.0039009,0,0,0,0,0,0,0,0,0,8.127100000000001e-09,0,0,1.9975999999999998e-07,3.4008e-10,2.8228e-08,9.3847e-08,1.143,8.688299999999999e-05,0,2.0174e-09,3.6744e-05,0.8347700000000001,0,0,1,0,0,0,0,0,0,0,0,0,1,0,0,1,1,1,1,1,1,0,1,1,1,0,0,49.36857643475182
311,6.1829e-06,0,0,0,0,0,0,0,0,0,2.2122e-08,0,0,2.7559e-10,0.00027996,3.0966e-09,7.35e-07,1.1774,1.68e-06,0,4.0830999999999996e-05,1.0672e-07,0.6169100000000001,0,0,1,0,0,0,0,0,0,0,0,0,1,0,0,1,1,1,1,1,1,0,1,1,1,0,0,48.27650568906706
312,0.32875,0,0,0,0,0,0,0,0,0,0.0074937,0,0,0.10955,0.69729,3.3837e-06,1.2633e-07,1.0975,2.9078e-08,0,1.5870999999999998e-05,0.14907,0.23368000000000003,0,0,1,0,0,0,0,0,0,0,0,0,1,0,0,1,1,1,1,1,1,0,1,1,1,0,0,54.55877449158828
313,1.288e-05,0,0,0,0,0,0,0,0,0,0.011424,0,0,0.20481,0.036417000000000005,2.2681e-05,0.035016000000000005,1.1969,5.3931e-09,0,0.0015508,8.9921e-08,0.60114,0,0,1,0,0,0,0,0,0,0,0,0,1,0,0,1,1,1,1,1,1,0,1,1,1,0,0,50.5561070200682
314,0.37051,0,0,0,0,0,0,0,0,0,2.0755e-08,0,0,4.6715e-08,2.3745e-08,2.2799e-12,6.5667999999999995e-06,1.1943,2.8925e-10,0,8.142e-11,9.6884e-08,0.57628,0,0,1,0,0,0,0,0,0,0,0,0,1,0,0,1,1,1,1,1,1,0,1,1,1,0,0,48.05219680973278
315,0.00011915,0,0,0,0,0,0,0,0,0,0.0071157,0,0,0.0047733,0.034175,5.2765e-08,0.0029113000000000003,1.0746,6.6224e-08,0,2.7346e-07,3.1415e-07,0.77557,0,0,1,0,0,0,0,0,0,0,0,0,1,0,0,1,1,1,1,1,1,0,1,1,1,0,0,49.50539338014429
316,1.0544000000000001e-07,0,0,0,0,0,0,0,0,0,7.412e-09,0,0,4.848899999999999e-07,4.8436000000000004e-08,4.6822999999999995e-08,9.1916e-06,1.2257,1.1005e-08,0,9.526399999999999e-09,1.3297e-07,0.94286,0,0,1,0,0,0,0,0,0,0,0,0,1,0,0,1,1,1,1,1,1,0,1,1,1,0,0,49.73853762739974
317,1.6913e-07,0,0,0,0,0,0,0,0,0,0.00039881,0,0,0.25934,0.00053626,0.00078326,4.6541e-08,0.8820100000000001,2.599e-05,0,3.1495e-07,5.3232e-09,0.8783,0,0,1,0,0,0,0,0,0,0,0,0,1,0,0,1,1,1,1,1,1,0,1,1,1,0,0,52.7108867228679
318,0.093574,0,0,0,0,0,0,0,0,0,0.004243600000000001,0,0,3.2240999999999997e-09,0.39531,4.8523e-08,0.0058938,0.87859,0.011001,0,4.3201e-05,2.6695000000000002e-08,0.8227399999999999,0,0,1,0,0,0,0,0,0,0,0,0,1,0,0,1,1,1,1,1,1,0,1,1,1,0,0,52.66929108677091
319,0.30835999999999997,0,0,0,0,0,0,0,0,0,7.090300000000001e-07,0,0,0.00090299,0.10422000000000001,2.3206999999999997e-05,0.0082814,1.0263,2.2759e-09,0,3.2243e-06,2.1323e-09,0.5476,0,0,1,0,0,0,0,0,0,0,0,0,1,0,0,1,1,1,1,1,1,0,1,1,1,0,0,48.980477913045334
320,2.2528000000000002e-05,0,0,0,0,0,0,0,0,0,1.5764e-07,0,0,0.012891999999999999,0.00054672,1.4824e-08,0.0011234,1.0726,1.7198e-09,0,3.6511e-06,6.822100000000001e-07,0.79571,0,0,1,0,0,0,0,0,0,0,0,0,1,0,0,1,1,1,1,1,1,0,1,1,1,0,0,49.44161499389706
321,0.7568699999999999,0,0,0,0,0,0,0,0,0,0.0016542000000000002,0,0,0.17922000000000002,0.10948,5.0589e-10,9.8956e-05,0.94906,1.0822e-09,0,1.1938e-06,0.00092074,0.29081999999999997,0,0,1,0,0,0,0,0,0,0,0,0,1,0,0,1,1,1,1,1,1,0,1,1,1,0,0,49.787482220489316
322,0.53396,0,0,0,0,0,0,0,0,0,5.6266999999999995e-05,0,0,0.38278,0.0015539000000000002,3.6322e-12,1.5976e-09,0.8996200000000001,3.2100999999999996e-10,0,4.8332e-06,3.3052999999999997e-09,0.63145,0,0,1,0,0,0,0,0,0,0,0,0,1,0,0,1,1,1,1,1,1,0,1,1,1,0,0,52.79211581536788
323,0.34153,0,0,0,0,0,0,0,0,0,3.9629e-08,0,0,1.2551999999999999e-06,0.17033,1.9455e-11,0.2098,0.9055,5.567300000000001e-09,0,4.109e-09,0.0020224,0.40815,0,0,1,0,0,0,0,0,0,0,0,0,1,0,0,1,1,1,1,1,1,0,1,1,1,0,0,49.02613326911154
324,3.2032999999999997e-10,0,0,0,0,0,0,0,0,0,1.524e-05,0,0,4.5833000000000004e-08,0.75064,2.1030999999999996e-11,0.11722,0.6429,4.9708e-10,0,3.4457e-08,3.5553e-08,0.79935,0,0,1,0,0,0,0,0,0,0,0,0,1,0,0,1,1,1,1,1,1,0,1,1,1,0,0,55.57313948202798
325,0.39632,0,0,0,0,0,0,0,0,0,2.3694e-09,0,0,7.8391e-08,3.2258e-07,8.6016e-08,0.051229,1.151,4.2176e-09,0,6.6442e-05,0.0042344999999999995,0.90556,0,0,1,0,0,0,0,0,0,0,0,0,1,0,0,1,1,1,1,1,1,0,1,1,1,0,0,49.73936391329838
326,0.51378,0,0,0,0,0,0,0,0,0,0.00020113,0,0,6.9656e-05,1.5455e-05,7.7613e-10,3.3294000000000003e-05,0.92799,2.3990000000000002e-08,0,1.4008000000000002e-10,6.516499999999999e-06,0.50527,0,0,1,0,0,0,0,0,0,0,0,0,1,0,0,1,1,1,1,1,1,0,1,1,1,0,0,48.17593548644064
327,4.9742e-10,0,0,0,0,0,0,0,0,0,0.0028726,0,0,5.032799999999999e-10,3.6465e-08,6.2784e-07,6.295000000000001e-07,1.0275,2.7785e-08,0,1.7784e-05,2.7700999999999998e-09,0.8589,0,0,1,0,0,0,0,0,0,0,0,0,1,0,0,1,1,1,1,1,1,0,1,1,1,0,0,49.68229188450776
328,0.6480199999999999,0,0,0,0,0,0,0,0,0,0.028544999999999997,0,0,2.0546e-06,0.24036999999999997,8.4913e-09,0.023458,1.3506,0.018358000000000003,0,0.0080786,0.1826,0.26272,0,0,1,0,0,0,0,0,0,0,0,0,1,0,0,1,1,1,1,1,1,0,1,1,1,0,0,50.185241426146504
329,0.00021125,0,0,0,0,0,0,0,0,0,2.5428e-07,0,0,0.009023100000000001,5.6512e-06,4.1756000000000005e-05,5.0277999999999996e-11,1.0955,5.6834e-09,0,1.7685e-08,3.7167000000000003e-06,0.6531600000000001,0,0,1,0,0,0,0,0,0,0,0,0,1,0,0,1,1,1,1,1,1,0,1,1,1,0,0,48.68126287567811
330,0.0069681,0,0,0,0,0,0,0,0,0,0.049544,0,0,7.484199999999999e-10,3.7122e-07,3.0645e-11,1.6741999999999998e-06,1.0933,1.1734e-08,0,2.5233e-05,1.1250999999999999e-07,0.79348,0,0,1,0,0,0,0,0,0,0,0,0,1,0,0,1,1,1,1,1,1,0,1,1,1,0,0,49.2580426866968
331,0.7018300000000001,0,0,0,0,0,0,0,0,0,0.096104,0,0,3.171e-07,0.0034455999999999996,8.9612e-13,1.8817000000000002e-09,1.0289,5.3758e-08,0,0.00014007,7.261799999999999e-07,0.11540999999999998,0,0,1,0,0,0,0,0,0,0,0,0,1,0,0,1,1,1,1,1,1,0,1,1,1,0,0,46.17541839889641
332,0.38706999999999997,0,0,0,0,0,0,0,0,0,1.0095e-10,0,0,0.2166,0.0005447999999999999,3.5745e-10,0.0031135,1.1846,7.9111e-12,0,0.052127,0.00094367,0.16773,0,0,1,0,0,0,0,0,0,0,0,0,1,0,0,1,1,1,1,1,1,0,1,1,1,0,0,48.5702587601688
333,1.491e-07,0,0,0,0,0,0,0,0,0,1.9087000000000002e-05,0,0,2.9607000000000002e-08,1.1426999999999999e-07,0.00032575,1.7294e-05,1.21,2.1906e-11,0,8.1095e-05,2.311e-06,0.8611700000000001,0,0,1,0,0,0,0,0,0,0,0,0,1,0,0,1,1,1,1,1,1,0,1,1,1,0,0,49.37809223975408
334,0.36136999999999997,0,0,0,0,0,0,0,0,0,9.079999999999999e-07,0,0,5.2137e-11,0.082976,0.00016544,0.0012900000000000001,1.1144,5.2961e-06,0,2.7841e-06,6.4144000000000005e-09,0.5515399999999999,0,0,1,0,0,0,0,0,0,0,0,0,1,0,0,1,1,1,1,1,1,0,1,1,1,0,0,48.68175202254794
335,9.6354e-12,0,0,0,0,0,0,0,0,0,2.9987e-10,0,0,0.36157,1.0083e-10,4.1668999999999995e-07,0.21231,0.9056200000000001,9.9008e-07,0,0.00010344,2.6354e-11,0.8771,0,0,1,0,0,0,0,0,0,0,0,0,1,0,0,1,1,1,1,1,1,0,1,1,1,0,0,53.71779188302175
336,0.45458999999999994,0,0,0,0,0,0,0,0,0,0.00026608,0,0,3.5295e-09,2.7613e-05,4.1947e-13,0.032417,0.93255,7.0387e-07,0,4.855800000000001e-11,4.6202e-07,0.49328999999999995,0,0,1,0,0,0,0,0,0,0,0,0,1,0,0,1,1,1,1,1,1,0,1,1,1,0,0,48.11047580404155
337,0.00019240000000000001,0,0,0,0,0,0,0,0,0,1.1805e-09,0,0,3.559e-10,2.3420999999999998e-05,3.0722000000000005e-10,1.7597e-05,1.2118,1.3077e-07,0,6.8194e-08,2.1764e-09,0.73377,0,0,1,0,0,0,0,0,0,0,0,0,1,0,0,1,1,1,1,1,1,0,1,1,1,0,0,48.769923906834286
338,0.48708999999999997,0,0,0,0,0,0,0,0,0,0.041548,0,0,2.3761999999999998e-07,1.2669e-05,1.8834999999999998e-06,0.010556999999999999,1.1861,1.0859000000000002e-07,0,8.673600000000001e-10,1.5458e-09,0.46668999999999994,0,0,1,0,0,0,0,0,0,0,0,0,1,0,0,1,1,1,1,1,1,0,1,1,1,0,0,47.546105782705745
339,1.4544e-06,0,0,0,0,0,0,0,0,0,0.00027609,0,0,9.1729e-08,0.30274,1.4245e-14,0.0028266,1.0566,1.5784000000000002e-07,0,1.6471e-10,2.6359e-07,0.7655,0,0,1,0,0,0,0,0,0,0,0,0,1,0,0,1,1,1,1,1,1,0,1,1,1,0,0,51.410459622057516
340,0.9507200000000001,0,0,0,0,0,0,0,0,0,0.0012171,0,0,0.00057039,1.2188e-10,5.3676000000000006e-05,3.9695e-07,1.0736,1.3917e-05,0,4.3633e-06,1.015e-05,0.43388000000000004,0,0,1,0,0,0,0,0,0,0,0,0,1,0,0,1,1,1,1,1,1,0,1,1,1,0,0,47.5905746780896
341,0.49555,0,0,0,0,0,0,0,0,0,0.00016298,0,0,7.064500000000001e-06,5.246e-08,3.0530999999999996e-05,0.049147,0.83383,9.4714e-05,0,0.00031592,1.6713e-09,0.64286,0,0,1,0,0,0,0,0,0,0,0,0,1,0,0,1,1,1,1,1,1,0,1,1,1,0,0,48.99217204677996
342,0.0036414,0,0,0,0,0,0,0,0,0,3.9097e-06,0,0,7.9537e-06,0.00014915,3.6013000000000007e-11,0.048861,0.9625799999999999,1.544e-05,0,6.2407e-09,1.9434e-06,0.76764,0,0,1,0,0,0,0,0,0,0,0,0,1,0,0,1,1,1,1,1,1,0,1,1,1,0,0,49.36224824902586
343,0.1478,0,0,0,0,0,0,0,0,0,1.8964e-05,0,0,4.9225e-05,4.098600000000001e-11,0.00010898,1.4603e-08,1.1396,2.0299e-05,0,8.428299999999999e-07,1.9880999999999998e-05,0.61952,0,0,1,0,0,0,0,0,0,0,0,0,1,0,0,1,1,1,1,1,1,0,1,1,1,0,0,48.35272835440856
344,0.44482,0,0,0,0,0,0,0,0,0,1.4524e-06,0,0,0.0036427,5.326600000000001e-07,6.098e-06,6.596899999999999e-05,1.0802,3.4973e-05,0,0.00064447,1.7434e-05,0.47836000000000006,0,0,1,0,0,0,0,0,0,0,0,0,1,0,0,1,1,1,1,1,1,0,1,1,1,0,0,47.82451855428445
345,0.00020101,0,0,0,0,0,0,0,0,0,2.1774000000000002e-05,0,0,0.00058622,0.00041706,2.3570000000000002e-11,3.12e-06,1.1436,0.032919,0,2.5691e-05,1.7594000000000002e-08,0.8519399999999999,0,0,1,0,0,0,0,0,0,0,0,0,1,0,0,1,1,1,1,1,1,0,1,1,1,0,0,49.45785544719364
346,2.9889e-10,0,0,0,0,0,0,0,0,0,1.6784e-05,0,0,2.8699999999999996e-05,2.5199000000000002e-06,1.6859e-06,2.6477e-09,1.2773,1.0786e-09,0,3.0748e-09,2.6608e-06,0.8583,0,0,1,0,0,0,0,0,0,0,0,0,1,0,0,1,1,1,1,1,1,0,1,1,1,0,0,49.24824516628714
347,0.29309,0,0,0,0,0,0,0,0,0,5.1388e-05,0,0,5.0434e-11,2.9647e-07,3.7031e-12,1.7947999999999998e-05,1.1221,2.1395e-06,0,0.00013751,9.3911e-06,0.52589,0,0,1,0,0,0,0,0,0,0,0,0,1,0,0,1,1,1,1,1,1,0,1,1,1,0,0,47.938250450449765
348,0.61075,0,0,0,0,0,0,0,0,0,0.0050927,0,0,0.17569,4.8781e-09,3.6693e-06,1.3660999999999998e-05,1.2237,0.0066479,0,0.012431000000000001,0.23761,1.4818e-09,0,0,1,0,0,0,0,0,0,0,0,0,1,0,0,1,1,1,1,1,1,0,1,1,1,0,0,49.86301960021976
349,0.26821999999999996,0,0,0,0,0,0,0,0,0,3.4638e-12,0,0,3.5046e-11,3.9707e-11,2.4094e-07,0.005130399999999999,1.2641,2.0974000000000002e-11,0,1.0156e-07,2.4022e-06,0.5918899999999999,0,0,1,0,0,0,0,0,0,0,0,0,1,0,0,1,1,1,1,1,1,0,1,1,1,0,0,48.005775911906895
350,0.0056597,0,0,0,0,0,0,0,0,0,0.010121999999999999,0,0,5.7497e-09,0.10520999999999998,4.6082e-05,0.0090942,1.0479,4.0918e-09,0,1.6989000000000002e-09,1.7369e-06,0.57598,0,0,1,0,0,0,0,0,0,0,0,0,1,0,0,1,1,1,1,1,1,0,1,1,1,0,0,49.075859029618705
351,1.2289,0,0,0,0,0,0,0,0,0,1.426e-09,0,0,3.3441e-08,0.17389000000000002,1.695e-13,9.279399999999999e-05,0.9782799999999999,6.0168e-09,0,7.640499999999999e-06,4.2721e-08,0.46979,0,0,1,0,0,0,0,0,0,0,0,0,1,0,0,1,1,1,1,1,1,0,1,1,1,0,0,49.195995689585764
352,1.87e-11,0,0,0,0,0,0,0,0,0,2.8599e-06,0,0,0.091763,0.088938,6.2886e-08,9.174799999999999e-10,0.9280200000000001,5.8982e-08,0,0.007894100000000001,2.3866e-06,0.8377399999999999,0,0,1,0,0,0,0,0,0,0,0,0,1,0,0,1,1,1,1,1,1,0,1,1,1,0,0,51.38341207430265
353,1.1578999999999999e-08,0,0,0,0,0,0,0,0,0,0.0034885,0,0,7.811e-05,4.7604e-10,8.032100000000001e-11,3.4227e-10,1.1597,7.8875e-11,0,7.6916e-06,3.2102999999999996e-06,0.9222600000000001,0,0,1,0,0,0,0,0,0,0,0,0,1,0,0,1,1,1,1,1,1,0,1,1,1,0,0,49.75559289058181
354,1.709e-11,0,0,0,0,0,0,0,0,0,5.4833000000000005e-06,0,0,3.6402e-05,6.1537e-10,6.2144e-11,1.2814e-06,1.0941,0.011184,0,1.5162e-05,1.4359e-08,0.81072,0,0,1,0,0,0,0,0,0,0,0,0,1,0,0,1,1,1,1,1,1,0,1,1,1,0,0,49.338855165861595
355,1.1842,0,0,0,0,0,0,0,0,0,8.731000000000001e-11,0,0,0.13972,2.1175e-06,2.6845999999999998e-14,6.059399999999999e-09,1.2111,2.8948e-07,0,7.8677e-12,0.00015867,0.060797000000000004,0,0,1,0,0,0,0,0,0,0,0,0,1,0,0,1,1,1,1,1,1,0,1,1,1,0,0,47.02199160127313
356,1.0628e-06,0,0,0,0,0,0,0,0,0,4.3242e-06,0,0,2.7938000000000003e-05,1.5399999999999998e-05,9.1983e-06,3.8689e-05,1.0733,5.6420000000000005e-08,0,5.0117e-05,4.4206e-12,0.8281,0,0,1,0,0,0,0,0,0,0,0,0,1,0,0,1,1,1,1,1,1,0,1,1,1,0,0,49.4574563315376
357,2.5214e-10,0,0,0,0,0,0,0,0,0,6.192e-07,0,0,6.6317e-10,7.8029e-08,0.015572999999999998,2.3746999999999998e-05,1.2018,2.4828e-09,0,0.00032123,6.6552e-10,0.77346,0,0,1,0,0,0,0,0,0,0,0,0,1,0,0,1,1,1,1,1,1,0,1,1,1,0,0,48.976630555805265
358,4.2128e-09,0,0,0,0,0,0,0,0,0,0.034748,0,0,1.2970999999999999e-08,1.2212e-09,3.6328e-12,0.33363000000000004,1.0927,9.8461e-10,0,0.01107,3.6204999999999996e-09,0.6661600000000001,0,0,1,0,0,0,0,0,0,0,0,0,1,0,0,1,1,1,1,1,1,0,1,1,1,0,0,48.694136796633614
359,9.4075e-05,0,0,0,0,0,0,0,0,0,1.4907e-06,0,0,6.4346e-08,0.00043606,3.6808e-11,0.00022038,1.1499,2.285e-05,0,2.5815999999999998e-08,3.326e-07,0.81321,0,0,1,0,0,0,0,0,0,0,0,0,1,0,0,1,1,1,1,1,1,0,1,1,1,0,0,49.257068853362945
360,0.42008,0,0,0,0,0,0,0,0,0,0.00093326,0,0,1.1820000000000002e-10,0.00089408,6.8408e-08,0.018034,1.2696,2.47e-07,0,4.5796e-10,6.3622e-05,0.32456999999999997,0,0,1,0,0,0,0,0,0,0,0,0,1,0,0,1,1,1,1,1,1,0,1,1,1,0,0,46.734268554522714
361,0.35679,0,0,0,0,0,0,0,0,0,0.47944,0,0,0.0059341,3.5452e-10,3.3651e-07,4.0692e-13,1.0224,0.041505,0,6.9179999999999995e-09,0.21681,0.69989,0,0,1,0,0,0,0,0,0,0,0,0,1,0,0,1,1,1,1,1,1,0,1,1,1,0,0,51.48941997542805
362,0.010873,0,0,0,0,0,0,0,0,0,0.34913,0,0,0.10059,0.3847,1.4052999999999999e-11,1.3559000000000002e-09,1.0595,8.5498e-09,0,0.2591,4.3133999999999994e-07,0.16652999999999998,0,0,1,0,0,0,0,0,0,0,0,0,1,0,0,1,1,1,1,1,1,0,1,1,1,0,0,51.13185500430898
363,0.00025129,0,0,0,0,0,0,0,0,0,2.6385e-05,0,0,0.00027798,0.00050262,1.493e-05,8.0857e-08,1.1023,4.8859e-08,0,5.0024e-09,5.9175e-07,0.94391,0,0,1,0,0,0,0,0,0,0,0,0,1,0,0,1,1,1,1,1,1,0,1,1,1,0,0,49.96323492071105
364,0.59885,0,0,0,0,0,0,0,0,0,3.0114e-05,0,0,6.2508999999999996e-09,0.00073013,1.3245e-08,0.0074806,1.126,4.0455999999999996e-07,0,1.1749e-06,6.304299999999999e-06,0.34969,0,0,1,0,0,0,0,0,0,0,0,0,1,0,0,1,1,1,1,1,1,0,1,1,1,0,0,47.09972431365702
365,1.0634e-08,0,0,0,0,0,0,0,0,0,7.504900000000001e-10,0,0,3.5953e-11,0.28271,1.3509e-11,0.021708,0.90984,1.5333e-07,0,0.00051345,0.00010955,0.8453200000000001,0,0,1,0,0,0,0,0,0,0,0,0,1,0,0,1,1,1,1,1,1,0,1,1,1,0,0,51.899039730569235
366,5.3160999999999996e-11,0,0,0,0,0,0,0,0,0,4.13e-10,0,0,0.0014744,0.011717,2.8896999999999997e-07,2.0956e-10,1.1097,2.6506e-05,0,0.00012647,5.1981e-09,0.77533,0,0,1,0,0,0,0,0,0,0,0,0,1,0,0,1,1,1,1,1,1,0,1,1,1,0,0,49.245136183692196
367,0.42438000000000003,0,0,0,0,0,0,0,0,0,5.488e-07,0,0,0.27359,0.095928,1.6697000000000001e-09,0.0045066,1.0386,4.5103e-10,0,0.30233000000000004,5.9703e-13,0.06301,0,0,1,0,0,0,0,0,0,0,0,0,1,0,0,1,1,1,1,1,1,0,1,1,1,0,0,50.500587752946196
368,3.1084e-09,0,0,0,0,0,0,0,0,0,1.8426e-06,0,0,0.07400000000000001,0.0026326,9.026e-09,0.023701,1.1428,4.0916e-06,0,2.2345e-05,0.029686,0.65292,0,0,1,0,0,0,0,0,0,0,0,0,1,0,0,1,1,1,1,1,1,0,1,1,1,0,0,49.63103372788004
369,0.34189,0,0,0,0,0,0,0,0,0,0.00015232,0,0,1.4548e-05,0.012025,5.2471e-06,2.7686999999999998e-05,1.2988,7.438400000000001e-10,0,8.3571e-06,3.8975e-10,0.44427,0,0,1,0,0,0,0,0,0,0,0,0,1,0,0,1,1,1,1,1,1,0,1,1,1,0,0,47.33332849538287
370,2.6885e-05,0,0,0,0,0,0,0,0,0,9.325900000000002e-10,0,0,2.8392999999999998e-11,1.4200999999999998e-05,1.8012999999999998e-11,8.4595e-08,1.1347,5.8197e-10,0,1.3427e-06,4.1375e-09,0.86415,0,0,1,0,0,0,0,0,0,0,0,0,1,0,0,1,1,1,1,1,1,0,1,1,1,0,0,49.52209806477451
371,0.5514100000000001,0,0,0,0,0,0,0,0,0,0.11347,0,0,0.00017213,7.2732e-05,6.304300000000001e-10,0.00025887,1.0826,5.935199999999999e-09,0,6.1481e-07,3.9249e-10,0.65276,0,0,1,0,0,0,0,0,0,0,0,0,1,0,0,1,1,1,1,1,1,0,1,1,1,0,0,48.61058783099166
372,6.1616e-10,0,0,0,0,0,0,0,0,0,0.036723,0,0,0.0080112,1.036e-09,1.0334000000000001e-05,0.0027335000000000003,1.13,0.00010019,0,1.4729999999999998e-09,3.3774e-09,0.8360700000000001,0,0,1,0,0,0,0,0,0,0,0,0,1,0,0,1,1,1,1,1,1,0,1,1,1,0,0,49.479606974839484
373,0.0019238,0,0,0,0,0,0,0,0,0,0.0010594,0,0,0.011487,0.038722,5.315100000000001e-11,0.14382,1.0584,2.8279e-06,0,2.7475e-05,5.918e-07,0.8424299999999999,0,0,1,0,0,0,0,0,0,0,0,0,1,0,0,1,1,1,1,1,1,0,1,1,1,0,0,49.95372237182578
374,1.6462e-05,0,0,0,0,0,0,0,0,0,5.162199999999999e-07,0,0,0.30576,2.9723000000000003e-05,0.00079353,2.9124e-05,1.1121,1.6935e-05,0,1.7096e-08,3.2075e-07,0.69408,0,0,1,0,0,0,0,0,0,0,0,0,1,0,0,1,1,1,1,1,1,0,1,1,1,0,0,51.914968844236896
375,3.2918e-07,0,0,0,0,0,0,0,0,0,7.0582000000000005e-06,0,0,0.038406,7.0091e-08,6.3003e-12,0.0015002000000000001,1.1904,1.9139e-10,0,4.3658999999999997e-07,9.331900000000001e-07,0.9385700000000001,0,0,1,0,0,0,0,0,0,0,0,0,1,0,0,1,1,1,1,1,1,0,1,1,1,0,0,50.176225357031655
376,0.81638,0,0,0,0,0,0,0,0,0,2.0971000000000003e-08,0,0,0.0016202999999999999,1.7232e-07,2.2794e-06,8.8554e-08,0.90895,6.1297e-10,0,2.0944000000000003e-07,2.9822e-07,0.22318000000000002,0,0,1,0,0,0,0,0,0,0,0,0,1,0,0,1,1,1,1,1,1,0,1,1,1,0,0,46.88526982662398
377,1.1854,0,0,0,0,0,0,0,0,0,4.857200000000001e-06,0,0,0.29205,0.8942,5.721e-14,0.9503,2.0025,3.2272e-05,0,0.00018288,2.4240999999999997e-11,0.25144,0,0,1,0,0,0,0,0,0,0,0,0,1,0,0,1,1,1,1,1,1,0,1,1,1,0,0,54.6969563033561
378,1.8312e-08,0,0,0,0,0,0,0,0,0,2.8854000000000002e-05,0,0,1.7777e-07,2.4264e-07,1.4493e-05,1.4827e-07,1.2323,2.7732999999999996e-10,0,4.4127e-09,5.4421000000000005e-09,0.97582,0,0,1,0,0,0,0,0,0,0,0,0,1,0,0,1,1,1,1,1,1,0,1,1,1,0,0,49.883632881559286
379,7.1828e-07,0,0,0,0,0,0,0,0,0,4.6246e-06,0,0,0.011482,9.313300000000001e-10,2.6873e-11,1.0610999999999999e-05,1.1824,1.1871000000000001e-08,0,0.00014242,2.3851999999999994e-07,0.52999,0,0,1,0,0,0,0,0,0,0,0,0,1,0,0,1,1,1,1,1,1,0,1,1,1,0,0,47.97218367018894
380,0.52367,0,0,0,0,0,0,0,0,0,5.167200000000001e-10,0,0,1.1971e-08,2.964e-06,5.272299999999999e-10,0.00013624,0.9688100000000001,7.6599e-06,0,0.00017635,3.1033e-07,0.48163999999999996,0,0,1,0,0,0,0,0,0,0,0,0,1,0,0,1,1,1,1,1,1,0,1,1,1,0,0,47.99297770967614
381,2.0515e-11,0,0,0,0,0,0,0,0,0,1.9685e-06,0,0,8.673400000000001e-08,0.13446,8.752100000000001e-11,0.014509000000000001,0.9678100000000001,2.0333e-10,0,8.4264e-06,5.9075e-07,0.7016899999999999,0,0,1,0,0,0,0,0,0,0,0,0,1,0,0,1,1,1,1,1,1,0,1,1,1,0,0,50.02578612350964
382,1.4517e-05,0,0,0,0,0,0,0,0,0,0.0022722,0,0,3.5741e-09,5.892999999999999e-06,4.0547e-11,1.1648e-07,1.0314,0.00063781,0,0.040952999999999996,1.075e-07,0.8695,0,0,1,0,0,0,0,0,0,0,0,0,1,0,0,1,1,1,1,1,1,0,1,1,1,0,0,49.87267958010292
383,0.0020329999999999997,0,0,0,0,0,0,0,0,0,7.5906e-08,0,0,7.7989e-10,0.0091821,7.424200000000001e-11,0.072033,1.0819,4.4951e-07,0,0.0043713,0.0014938,0.74887,0,0,1,0,0,0,0,0,0,0,0,0,1,0,0,1,1,1,1,1,1,0,1,1,1,0,0,49.16605659540371
384,5.9971e-10,0,0,0,0,0,0,0,0,0,0.00026685,0,0,6.8456e-07,0.1949,0.00010712,0.20706,0.95214,3.1745999999999998e-09,0,1.851e-07,6.6023e-05,0.66556,0,0,1,0,0,0,0,0,0,0,0,0,1,0,0,1,1,1,1,1,1,0,1,1,1,0,0,50.32563233464654
385,0.00017953,0,0,0,0,0,0,0,0,0,7.7268e-06,0,0,9.2378e-10,0.56083,1.1178e-08,7.025e-09,0.7824399999999999,5.1900000000000005e-09,0,4.2594999999999997e-07,5.3157e-09,1.0073,0,0,1,0,0,0,0,0,0,0,0,0,1,0,0,1,1,1,1,1,1,0,1,1,1,0,0,54.92637250452824
386,3.5807e-10,0,0,0,0,0,0,0,0,0,0.0002593,0,0,5.653099999999999e-06,1.0951000000000001e-06,0.0065834000000000005,1.5628999999999999e-06,1.1786,3.0717000000000004e-10,0,1.5838999999999998e-06,6.4497e-07,0.63349,0,0,1,0,0,0,0,0,0,0,0,0,1,0,0,1,1,1,1,1,1,0,1,1,1,0,0,48.35103427356657
387,0.23346999999999998,0,0,0,0,0,0,0,0,0,0.066459,0,0,0.009636200000000001,0.00065353,8.0759e-12,0.19467,1.1761,1.2147e-10,0,0.00011923,0.0027035999999999996,0.43773999999999996,0,0,1,0,0,0,0,0,0,0,0,0,1,0,0,1,1,1,1,1,1,0,1,1,1,0,0,47.56175373038128
388,4.4963e-07,0,0,0,0,0,0,0,0,0,1.5988e-05,0,0,0.038876,0.078804,1.466e-11,0.0102,1.0245,6.4622000000000006e-06,0,2.5894e-05,1.1483e-06,0.8909799999999999,0,0,1,0,0,0,0,0,0,0,0,0,1,0,0,1,1,1,1,1,1,0,1,1,1,0,0,50.820157142177656
389,6.935200000000001e-09,0,0,0,0,0,0,0,0,0,5.0424e-07,0,0,0.21386,1.1061e-08,2.0911e-05,2.4128e-10,1.2019,1.9858e-09,0,2.0388999999999998e-07,1.8651e-08,0.6875899999999999,0,0,1,0,0,0,0,0,0,0,0,0,1,0,0,1,1,1,1,1,1,0,1,1,1,0,0,50.778671572242246
390,0.10654000000000001,0,0,0,0,0,0,0,0,0,0.062798,0,0,9.977799999999999e-07,0.00078538,0.0011513,0.0032813000000000004,1.1207,1.8722e-07,0,1.3275e-09,0.00019915,0.5493100000000001,0,0,1,0,0,0,0,0,0,0,0,0,1,0,0,1,1,1,1,1,1,0,1,1,1,0,0,48.05933053525974
391,6.0469e-09,0,0,0,0,0,0,0,0,0,0.00010058,0,0,0.1001,5.8985e-05,2.6860000000000003e-10,1.3990999999999999e-09,1.0998,3.7674e-10,0,8.9152e-08,3.1548000000000003e-09,0.84362,0,0,1,0,0,0,0,0,0,0,0,0,1,0,0,1,1,1,1,1,1,0,1,1,1,0,0,50.52015451468135
392,0.023530000000000002,0,0,0,0,0,0,0,0,0,3.7393999999999997e-07,0,0,0.030994,0.021512,1.8259000000000003e-05,0.008126699999999999,1.1918,2.0469e-08,0,0.0016192000000000001,0.1368,0.31811999999999996,0,0,1,0,0,0,0,0,0,0,0,0,1,0,0,1,1,1,1,1,1,0,1,1,1,0,0,48.88775021905634
393,0.11027,0,0,0,0,0,0,0,0,0,6.8902e-07,0,0,6.2804e-10,3.2776999999999996e-08,0.012726000000000001,0.15785,1.041,1.1000999999999999e-05,0,4.725e-05,0.0034959,0.31058,0,0,1,0,0,0,0,0,0,0,0,0,1,0,0,1,1,1,1,1,1,0,1,1,1,0,0,47.095758409598105
394,3.9145000000000003e-07,0,0,0,0,0,0,0,0,0,0.010666,0,0,0.29435,1.2401e-06,3.1806e-10,4.203e-08,0.9435100000000001,9.4771e-05,0,0.00037784,1.0652999999999999e-07,0.67679,0,0,1,0,0,0,0,0,0,0,0,0,1,0,0,1,1,1,1,1,1,0,1,1,1,0,0,52.0072545951991
395,0.009145499999999999,0,0,0,0,0,0,0,0,0,0.00082853,0,0,6.4718e-11,0.21228000000000002,5.1685e-09,1.6821000000000002e-06,1.0152,2.2015e-06,0,0.0025905,1.1214e-09,0.96386,0,0,1,0,0,0,0,0,0,0,0,0,1,0,0,1,1,1,1,1,1,0,1,1,1,0,0,51.76915990463022
396,0.35908,0,0,0,0,0,0,0,0,0,0.0061197,0,0,0.38533,0.19029000000000001,3.7430000000000005e-12,0.072285,0.80766,1.4150000000000002e-07,0,0.39021,2.3935e-06,0.058537,0,0,1,0,0,0,0,0,0,0,0,0,1,0,0,1,1,1,1,1,1,0,1,1,1,0,0,53.04116947873238
397,1.0702,0,0,0,0,0,0,0,0,0,1.5548e-12,0,0,0.24858000000000002,0.00057756,2.1435000000000003e-09,1.4506,0.9788899999999999,1.5599,0,1.2523000000000001e-09,0.00016145,0.01593,0,0,1,0,0,0,0,0,0,0,0,0,1,0,0,1,1,1,1,1,1,0,1,1,1,0,0,48.33980918230334
398,0.27965999999999996,0,0,0,0,0,0,0,0,0,2.8722e-07,0,0,4.763499999999999e-11,4.0743e-06,3.2572000000000003e-09,8.4452e-08,0.9724700000000001,2.5014e-06,0,1.2514e-09,2.5976999999999997e-06,0.72939,0,0,1,0,0,0,0,0,0,0,0,0,1,0,0,1,1,1,1,1,1,0,1,1,1,0,0,49.16240940663935
399,1.2344e-07,0,0,0,0,0,0,0,0,0,0.00068269,0,0,1.2231000000000002e-10,0.00092742,0.0035400999999999996,6.0086e-08,1.21,0.18098,0,1.9985e-09,6.0683e-08,0.3091,0,0,1,0,0,0,0,0,0,0,0,0,1,0,0,1,1,1,1,1,1,0,1,1,1,0,0,46.763276112538925
400,0.7557699999999999,0,0,0,0,0,0,0,0,0,0.021943,0,0,1.2837000000000002e-10,4.4987e-06,4.9657e-08,0.006086199999999999,1.2347,2.5327e-07,0,8.9383e-06,8.7456e-09,0.093648,0,0,1,0,0,0,0,0,0,0,0,0,1,0,0,1,1,1,1,1,1,0,1,1,1,0,0,45.690873334340644
401,0.11746,0,0,0,0,0,0,0,0,0,9.520700000000001e-07,0,0,0.0029576,0.00057879,9.4624e-08,4.8214999999999995e-06,1.0267,1.2766e-05,0,5.8627e-09,1.3783000000000002e-06,0.6971,0,0,1,0,0,0,0,0,0,0,0,0,1,0,0,1,1,1,1,1,1,0,1,1,1,0,0,48.95020311896009
402,0.44778999999999997,0,0,0,0,0,0,0,0,0,3.4083999999999996e-08,0,0,2.7915000000000002e-08,2.3031e-10,3.1561e-08,0.00017676,1.1133,6.2529e-05,0,1.5331e-09,1.4566e-08,0.93016,0,0,1,0,0,0,0,0,0,0,0,0,1,0,0,1,1,1,1,1,1,0,1,1,1,0,0,49.872378333844765
403,0.78476,0,0,0,0,0,0,0,0,0,5.3165e-05,0,0,7.9853e-06,6.8172000000000006e-06,7.4563e-14,3.1035e-05,0.81611,3.9036e-07,0,0.0011152999999999998,1.1888e-06,0.49977,0,0,1,0,0,0,0,0,0,0,0,0,1,0,0,1,1,1,1,1,1,0,1,1,1,0,0,48.34630709323115
404,0.22389,0,0,0,0,0,0,0,0,0,1.1829000000000001e-06,0,0,0.11971,0.3379,3.6696999999999994e-09,2.0881999999999998e-05,0.8294299999999999,0.00026154,0,3.4695e-05,8.312e-08,0.5741,0,0,1,0,0,0,0,0,0,0,0,0,1,0,0,1,1,1,1,1,1,0,1,1,1,0,0,52.38991126205076
405,1.4137e-07,0,0,0,0,0,0,0,0,0,0.0022709,0,0,0.00053238,0.00014534,3.4515e-11,0.0036597,1.1083,2.2661999999999997e-05,0,0.00015049,9.2636e-08,0.39684,0,0,1,0,0,0,0,0,0,0,0,0,1,0,0,1,1,1,1,1,1,0,1,1,1,0,0,47.355848286739025
406,0.46735,0,0,0,0,0,0,0,0,0,0.0035409999999999994,0,0,0.28752,1.3393e-06,6.2053e-07,3.0766e-08,1.3327,2.5588000000000003e-05,0,4.5394e-05,0.088987,0.2635,0,0,1,0,0,0,0,0,0,0,0,0,1,0,0,1,1,1,1,1,1,0,1,1,1,0,0,50.32723164350534
407,0.010856000000000001,0,0,0,0,0,0,0,0,0,2.7674e-05,0,0,4.9049e-08,1.5288e-05,1.4869e-10,0.17639000000000002,1.024,9.5008e-10,0,0.00041796,2.2424e-06,0.77649,0,0,1,0,0,0,0,0,0,0,0,0,1,0,0,1,1,1,1,1,1,0,1,1,1,0,0,49.29861606257971
408,0.31056999999999996,0,0,0,0,0,0,0,0,0,0.00020359,0,0,0.0029343000000000004,4.9932e-10,2.9037000000000003e-06,4.7722e-09,0.9405399999999999,1.2754000000000001e-08,0,5.2897e-08,2.9422999999999998e-08,0.88634,0,0,1,0,0,0,0,0,0,0,0,0,1,0,0,1,1,1,1,1,1,0,1,1,1,0,0,49.99306090119704
409,0.71099,0,0,0,0,0,0,0,0,0,4.4173000000000005e-09,0,0,0.25948000000000004,1.1827e-06,1.7364e-11,0.10518,0.9701200000000001,0.012154,0,4.5632e-08,1.7107000000000002e-08,0.50011,0,0,1,0,0,0,0,0,0,0,0,0,1,0,0,1,1,1,1,1,1,0,1,1,1,0,0,50.76051493028641
410,0.42683999999999994,0,0,0,0,0,0,0,0,0,6.337899999999999e-05,0,0,5.4412e-07,3.6156e-12,6.909699999999999e-05,1.2325999999999998e-07,1.1194,8.0843e-10,0,1.772e-08,2.3599e-06,0.9847299999999999,0,0,1,0,0,0,0,0,0,0,0,0,1,0,0,1,1,1,1,1,1,0,1,1,1,0,0,50.1209801099994
411,0.0010461,0,0,0,0,0,0,0,0,0,0.00047118,0,0,7.0808e-07,0.44241,5.791e-06,0.081049,0.85088,1.8922999999999998e-07,0,1.6704000000000001e-09,7.3628e-10,0.51862,0,0,1,0,0,0,0,0,0,0,0,0,1,0,0,1,1,1,1,1,1,0,1,1,1,0,0,51.618694321688366
412,0.090127,0,0,0,0,0,0,0,0,0,0.014837999999999999,0,0,0.021381,0.29886,2.1949e-11,0.0089347,0.8195100000000001,2.8655000000000003e-07,0,0.00073423,3.3063e-06,0.75169,0,0,1,0,0,0,0,0,0,0,0,0,1,0,0,1,1,1,1,1,1,0,1,1,1,0,0,51.94965931585714
